0
16.1327
31.7059
46.4988
60.2451
72.8335
84.0782
93.9446
102.471
109.656
116.254
121.601
125.894
128.73
130.852
132.033
133.166
134.738
135.752
136.209
136.371
136.205
135.761
135.527
136.354
137.958
139.769
141.453
143
144.296
145.275
145.638
145.693
145.508
145.527
144.936
143.553
141.65
139.298
136.626
133.765
130.939
128.792
127.32
126.057
124.592
122.801
120.739
118.298
115.742
113.114
110.702
108.345
105.325
101.69
97.2009
92.2082
86.7709
80.5364
73.4791
65.6304
57.2165
48.7381
40.8698
34.6659
31.6711
32.6849
37.5146
44.4784
52.1699
59.8239
66.9688
73.4224
79.0988
84.0944
88.6802
92.507
95.5769
97.9189
99.3315
100.438
101.219
101.81
102.142
102.366
102.356
102.27
102.124
102.484
103.376
104.533
105.558
106.509
107.383
108.118
108.801
109.193
109.361
109.394
109.563
109.286
108.536
107.408
106.043
104.542
102.967
101.329
99.7065
98.3459
97.1578
96.2655
95.2761
94.218
92.9506
91.5143
89.9133
88.2189
86.3979
84.5142
82.2757
79.6078
76.5873
73.4536
70.0543
66.0701
61.8306
57.3947
52.9509
48.9044
45.6139
43.6499
43.5963
45.0599
47.6422
51.1948
55.1746
59.2656
63.1971
66.7678
70.0222
72.9319
75.6747
77.8738
79.5888
80.8389
81.7412
82.3925
83.1085
83.5971
83.8017
83.865
83.8594
83.938
84.3792
85.0122
85.7208
86.5083
87.2165
87.838
88.2982
88.8394
89.2233
89.427
89.5295
89.7304
89.5539
89.1378
88.4074
87.504
86.6177
85.611
84.5187
83.5129
82.5374
81.81
81.2682
80.6416
79.8837
79.0124
77.9999
76.9207
75.6034
74.2855
72.6306
70.7833
68.5748
66.1727
63.4384
60.354
56.8079
52.8628
48.6663
0
15.8929
31.3807
46.07
60.0455
72.7099
84.1063
94.2166
103.035
110.285
116.975
122.179
126.059
128.591
129.871
130.454
131.161
132.414
133.111
133.265
133.001
132.487
131.724
131.166
131.54
133.281
135.486
137.725
139.817
141.401
142.56
142.933
142.64
142.094
141.606
140.471
138.739
136.469
134.088
131.619
129.205
126.997
125.301
124.614
124.375
123.856
123.062
121.73
119.786
117.562
115.074
112.796
110.27
107.144
103.271
98.5045
93.0274
87.1624
80.8391
73.6297
65.826
57.6258
49.2413
41.2962
34.6752
31.0612
31.9691
36.801
43.7626
51.5063
59.2879
66.7045
73.4082
79.291
84.2635
88.6799
92.4798
95.3312
97.1233
98.2836
98.7745
99.0288
99.2321
99.1468
99.0944
98.8421
98.5252
97.9928
97.7484
98.3574
99.734
101.292
102.761
104.25
105.532
106.469
106.882
106.83
106.432
105.917
105.368
104.322
102.98
101.523
100.118
98.6286
97.229
95.8494
94.5022
93.7817
93.5128
93.1027
92.5895
91.8391
90.9683
89.7851
88.3414
86.87
85.1564
82.9325
80.1686
77.1132
73.6005
69.8365
65.7854
61.2962
56.6604
51.9708
47.6913
44.2596
41.9195
41.2561
42.7079
45.6875
49.5393
53.8928
58.2469
62.4191
66.1831
69.405
72.1277
74.5835
76.6776
78.2203
79.3099
79.9058
80.3929
80.6062
80.5692
80.4246
80.2992
80.193
80.0833
80.2664
80.7886
81.8124
82.9169
83.9173
84.8832
85.7857
86.6238
87.0435
87.1842
87.0055
86.591
86.1618
85.6617
84.849
83.9047
83.0497
82.1284
81.1648
80.1245
79.2632
78.5982
78.1516
77.8539
77.5024
77.0051
76.3134
75.4031
74.4002
73.3422
72.1113
70.5752
68.4665
65.9918
63.0933
60.0291
56.531
52.7039
48.5804
0
15.406
30.2654
44.4778
57.8204
70.0704
80.9243
90.6653
98.8972
106.03
112.546
117.966
122.433
125.745
128.336
130.453
133.182
136.017
138.083
139.519
140.321
140.438
140.01
139.122
138.652
138.838
139.016
139.031
138.832
138.684
138.37
137.629
136.664
135.693
134.804
133.861
132.315
130.373
128.314
125.914
123.451
121.108
119.327
118.688
118.695
118.358
117.7
116.693
115.151
113.23
110.992
109.126
106.805
104.085
100.487
96.0491
90.8734
85.2664
79.1734
72.3498
64.8446
56.9773
48.8471
41.1274
34.6972
30.9197
31.3785
35.5124
41.6163
48.6861
55.9535
62.7468
68.976
74.6654
79.4329
83.8447
87.7727
91.0054
93.5232
95.6643
97.4918
99.2146
100.537
101.642
102.505
103.285
103.469
103.431
103.068
103.478
103.853
104.045
104.052
103.904
103.781
103.557
103.285
102.62
101.975
101.303
100.558
99.7361
98.6178
97.3939
96.1256
94.5143
92.9348
91.4069
89.9845
88.96
88.6336
88.3015
87.8848
87.4801
86.8975
86.0386
84.842
83.5031
82.026
80.0453
77.5758
74.64
71.4032
68.0115
64.1446
60.0232
55.6417
51.308
47.1915
43.7613
41.4868
40.5488
41.8541
44.5306
47.8805
51.6621
55.5271
59.1819
62.5647
65.5312
68.2031
70.6638
72.8876
74.7287
76.3314
77.7169
79.024
80.0461
81.0188
81.6726
82.1254
82.4137
82.6356
82.8202
83.0511
83.355
83.7096
83.9955
84.0888
84.1422
84.2274
84.3125
84.2555
83.9783
83.6582
83.1971
82.6456
82.0147
81.313
80.494
79.4998
78.3347
77.2229
76.1617
75.3014
74.7978
74.4061
74.1321
73.6506
72.9535
72.1434
71.2684
70.2277
69.0377
67.5098
65.6134
63.3764
60.7761
57.8287
54.647
50.9479
47.0035
0
15.4455
30.3792
44.6513
57.9773
70.1693
81.1611
90.7244
98.9432
106.162
112.695
118.143
122.442
125.748
128.283
130.37
132.636
134.718
136.186
137.189
137.823
138.082
138.186
138.237
139.083
140.767
142.486
144.079
145.426
146.716
147.628
148.061
148.314
148.45
148.022
147.197
145.827
143.905
141.702
139.103
136.264
133.37
130.766
128.75
127.263
125.536
123.554
121.289
118.566
115.707
112.754
109.911
107.043
104.104
100.545
96.3763
91.5777
86.1794
80.1666
73.3597
65.9297
57.9685
49.8805
42.1713
35.9856
32.5357
32.7641
36.4718
42.6802
49.899
57.1731
64.0933
70.294
75.9632
80.8183
85.2448
89.2627
92.6537
95.3618
97.5288
99.467
100.806
101.761
102.396
103.068
103.563
103.794
103.916
104.345
105.294
106.419
107.554
108.512
109.277
109.918
110.514
110.97
111.096
111.176
111.18
110.84
110.14
109.123
107.999
106.688
105.16
103.464
101.772
100.054
98.4262
97.086
95.9657
94.7783
93.4067
91.8824
90.147
88.2077
86.2562
84.265
82.1973
79.8128
77.0799
74.2287
71.0444
67.4755
63.633
59.4667
55.2704
51.2426
47.8229
45.4005
44.3198
44.7532
46.581
49.4497
53.0013
56.8223
60.5164
64.1061
67.3926
70.2999
72.9496
75.4541
77.6375
79.423
80.9356
82.0523
83.1115
83.9403
84.4754
84.8056
85.0627
85.2398
85.6985
86.3768
87.037
87.7254
88.446
89.0252
89.5042
89.8702
90.2968
90.5716
90.7773
90.7457
90.5994
90.2471
89.667
89.0792
88.3087
87.391
86.4047
85.2589
84.0651
82.92
81.7721
81.0366
80.2509
79.3609
78.3606
77.259
76.0198
74.4411
72.7261
70.9672
69.0694
66.9102
64.3962
61.6427
58.6151
55.1338
51.3157
0
15.0769
29.7655
43.8408
57.0895
69.2976
80.3793
90.2639
98.784
106.271
113.002
118.332
122.382
125.35
127.185
128.78
130.881
132.532
133.68
134.191
134.368
134.254
133.955
133.885
134.704
136.461
138.561
140.586
142.307
143.754
144.717
145.275
145.65
145.309
144.325
142.951
141.05
138.962
136.714
134.392
132.069
129.875
128.068
126.889
126.229
125.366
124.156
122.442
120.137
117.443
114.345
111.121
107.961
104.404
100.322
95.472
90.0813
84.1559
78.033
71.2972
64.1303
56.4869
48.657
41.0798
34.7655
31.4294
32.0499
36.1079
42.3531
49.5994
56.96
63.9737
70.4035
76.1721
81.1554
85.7666
89.6463
92.579
94.8531
96.432
97.4557
98.4441
99.0779
99.5901
99.8713
99.9066
99.8127
99.7341
100.071
100.861
102.117
103.498
104.89
106.026
106.994
107.739
108.358
108.574
108.503
108.23
107.573
106.547
105.224
103.856
102.501
101.233
99.885
98.5228
97.174
95.8643
94.9339
94.2784
93.4782
92.4608
91.1895
89.7942
88.0521
85.9965
83.7199
81.3083
78.5691
75.5125
72.1252
68.6057
64.851
60.8069
56.5103
52.2566
48.2705
45.0664
42.9854
42.1966
43.0717
45.1941
48.3528
52.2082
56.2341
60.1353
63.7479
67.0566
69.9597
72.6023
74.7805
76.5538
77.8932
78.9662
79.7503
80.3081
80.6026
80.6545
80.6574
80.7908
81.0612
81.4624
82.3375
83.3465
84.341
85.321
86.1776
86.9634
87.5326
88.0311
88.3525
88.5815
88.4569
88.1396
87.6125
86.8727
85.9812
85.1886
84.3486
83.4172
82.4532
81.5314
80.6667
79.9007
79.1111
78.4322
77.7191
76.8725
75.7988
74.4989
72.8438
71.1305
69.3795
67.2679
64.8282
62.0943
59.2047
56.0875
52.6213
48.833
0
14.5021
28.5058
41.871
54.4464
65.9746
76.3636
85.647
93.7659
101.359
108.08
113.877
118.675
122.533
125.898
128.997
132.66
135.896
138.399
140.253
141.399
141.886
141.935
141.599
141.328
141.317
141.329
141.099
140.8
140.486
140.146
139.846
139.369
138.473
137.253
135.724
134.089
132.176
130.184
128.109
125.923
123.763
121.897
120.536
119.643
118.821
117.81
116.291
114.404
112.154
109.622
107.038
104.262
101.138
97.5032
93.1867
88.1304
82.5841
76.7484
70.3701
63.4119
56.0283
48.4361
41.103
34.9855
31.3658
31.3318
34.2196
39.3627
45.7837
52.5087
59.0339
65.0857
70.664
75.7546
80.4219
84.7018
88.3377
91.3575
94.0569
96.4747
98.6904
100.408
101.897
103.194
104.238
104.818
105.075
105.249
105.691
105.937
105.961
105.798
105.506
105.187
104.993
104.754
104.331
103.826
103.122
102.4
101.387
100.206
99.0844
97.8706
96.4995
95.1762
93.7114
92.2944
90.9004
89.5746
88.5415
87.7124
87.0157
86.1453
85.0336
83.7319
82.0356
80.1685
78.0891
75.6472
72.8422
69.7699
66.5699
63.1578
59.4195
55.4556
51.3997
47.7074
44.5822
42.3792
41.2974
41.7966
43.6956
46.3379
49.4442
52.8039
56.2006
59.4389
62.4543
65.3482
68.062
70.5995
72.8274
74.9526
76.8474
78.3639
79.6904
80.8582
81.8887
82.5714
83.173
83.6243
84.107
84.4899
84.8386
85.1418
85.3612
85.457
85.4496
85.4479
85.4746
85.4817
85.4287
85.2084
84.8108
84.2412
83.5436
82.8461
82.0637
81.1565
80.2159
79.1824
78.1137
77.0402
76.0583
75.2458
74.3374
73.4563
72.5883
71.5056
70.376
69.2362
67.8304
66.149
64.2461
62.0358
59.5892
56.8082
53.8877
50.651
47.1722
0
14.0226
27.6667
40.6095
52.7576
63.9842
74.1595
83.3323
91.6046
99.2031
105.845
111.454
116.169
119.986
123.143
126.054
128.996
131.55
133.581
135.238
136.441
137.319
138.103
139.025
140.367
141.847
143.38
144.85
146.13
147.406
148.675
149.704
150.259
150.267
149.606
148.285
146.571
144.577
142.405
139.956
137.317
134.55
131.834
129.348
127.094
124.956
122.722
120.199
117.348
114.113
110.984
107.597
104.162
100.727
96.9168
92.586
87.7228
82.2065
76.4499
70.0173
63.1351
55.8972
48.5903
41.6579
36.0837
32.8232
32.5785
34.7001
39.3999
45.5698
52.0167
58.2207
64.0498
69.4963
74.625
79.5398
83.7825
87.5151
90.7288
93.6033
95.7909
97.7271
99.1793
100.334
101.332
102.1
102.868
103.587
104.596
105.674
106.727
107.723
108.526
109.325
110.037
110.743
111.419
111.978
112.268
112.151
111.726
111.02
110.007
108.824
107.538
106.106
104.496
102.754
101.008
99.3176
97.7221
96.1686
94.4756
92.8856
91.1701
89.3188
87.2777
85.1416
82.8196
80.3804
77.8249
75.0316
71.9259
68.7528
65.4207
61.8257
58.1515
54.4915
50.9622
47.8635
45.569
44.4123
44.4037
45.5267
47.4486
50.0215
53.0827
56.3543
59.5825
62.7527
65.7943
68.8327
71.6107
74.0523
76.1917
77.9641
79.4958
80.954
82.0225
82.9246
83.6146
84.2217
84.8157
85.749
86.5378
87.2723
87.9234
88.5165
89.1106
89.5687
89.9265
90.403
90.9122
91.263
91.382
91.3146
91.0879
90.5318
89.9068
89.2384
88.414
87.4067
86.3197
85.117
83.941
82.7345
81.4628
80.1292
78.9319
77.7604
76.5472
75.222
73.6104
71.8977
69.8374
67.8152
65.5237
63.0214
60.2456
57.2184
54.0378
50.6323
0
13.9664
27.6124
40.6351
52.8933
64.408
74.8897
84.4797
93.3421
100.988
107.5
112.66
116.756
119.676
121.835
123.716
126.052
128.176
129.748
130.871
131.751
132.376
132.968
134.037
135.835
138.013
140.269
142.431
144.414
146.188
147.764
148.821
149.217
148.955
148.022
146.493
144.299
142.035
139.594
137.208
134.781
132.364
129.967
127.575
125.437
123.491
121.328
118.991
116.279
113.356
110.532
107.294
103.797
100.225
96.2292
91.6176
86.4586
80.8796
74.674
68.1981
61.5373
54.6045
47.6249
40.9873
35.3997
32.2271
32.0918
34.7721
39.7356
45.9604
52.6339
59.2038
65.3847
71.3823
76.8158
81.4759
85.5485
88.7043
91.2041
93.0588
94.633
95.6674
96.6055
97.3784
98.1092
98.6448
99.1761
99.8492
100.79
101.976
103.332
104.748
106.161
107.52
108.683
109.793
110.699
111.321
111.472
111.248
110.551
109.538
108.207
106.791
105.37
103.952
102.49
101.01
99.4063
97.7407
96.0247
94.1987
92.5749
91.1911
89.7703
88.3414
86.6364
84.6496
82.4488
79.9147
77.1705
74.2058
70.9898
67.4743
63.8283
60.0368
56.2468
52.4988
49.1353
46.4139
44.4421
43.4799
43.8339
45.1505
47.2613
50.192
53.5919
57.1232
60.6315
63.9876
67.2029
70.0456
72.483
74.5321
76.1043
77.4441
78.5327
79.3342
79.8997
80.3265
80.7154
81.2697
81.977
82.763
83.7847
84.7202
85.6626
86.6663
87.5881
88.4099
89.1285
89.7579
90.3895
90.7808
90.8791
90.655
90.1718
89.4448
88.5459
87.6558
86.7205
85.6955
84.6644
83.5598
82.3796
81.2727
80.1787
79.0724
77.8432
76.6428
75.3629
73.9677
72.4195
70.7582
69.019
66.9045
64.5752
62.0183
59.1424
56.0402
52.7043
49.3108
0
13.7627
27.0667
39.7271
51.6374
62.7207
72.8527
82.3316
91.037
98.8349
105.726
111.666
116.688
120.806
124.375
127.408
130.856
134.315
136.974
138.981
140.34
141.026
141.289
141.591
142.063
142.504
142.852
143.057
143.18
143.26
143.18
142.925
142.206
141.177
139.745
137.824
135.775
133.444
130.998
128.569
126.198
123.791
121.563
119.564
117.939
116.749
115.326
113.617
111.331
108.986
106.673
104.191
101.405
98.5768
95.1316
91.1602
86.4098
81.0036
74.9285
68.4059
61.7904
54.8478
47.8212
41.1004
35.429
31.8989
31.4693
33.7598
38.1673
44.0143
50.2084
56.4671
62.4411
68.19
73.5991
78.4408
82.761
86.6305
89.8054
92.6778
95.3054
97.8757
99.833
101.462
102.71
103.691
104.415
105.379
106.252
106.813
107.108
107.206
107.2
107.142
107.027
106.968
106.904
106.623
106.072
105.366
104.307
103.1
101.655
100.102
98.6191
97.051
95.4698
93.9569
92.557
91.1651
89.762
88.259
87.0246
86.06
85.0637
83.8679
82.427
80.8198
78.9539
76.9053
74.5569
71.9888
69.1207
65.8676
62.4621
58.9003
55.3035
51.6739
48.2001
45.3049
43.1935
42.0465
41.9422
43.4217
45.6613
48.292
51.2101
54.4224
57.71
60.9293
63.9108
66.7464
69.3117
71.6579
73.7696
75.7681
77.4709
78.9383
80.2217
81.4213
82.4141
83.3266
84.108
84.6704
85.195
85.6458
86.062
86.3474
86.5452
86.7241
86.8934
87.0696
87.2137
87.1793
86.9639
86.5422
85.8603
85.031
84.1288
83.0516
81.9608
80.8532
79.7388
78.5975
77.517
76.3172
75.2714
74.3099
73.2957
72.1162
70.8348
69.658
68.4482
67.0488
65.3836
63.5858
61.4923
59.1706
56.507
53.5315
50.3836
47.1343
0
13.2118
26.0169
38.4217
50.0631
61.0979
71.1862
80.7748
89.3289
97.0562
103.688
109.55
114.403
118.47
121.771
124.384
127.027
129.732
131.837
133.425
134.623
135.53
136.464
137.899
140.022
142.403
144.677
146.733
148.604
150.168
151.352
152.109
152.335
152.018
151.065
149.551
147.612
145.326
142.787
140.07
137.313
134.549
131.846
129.179
126.689
124.493
122.256
119.758
116.977
114.081
111.095
107.59
103.926
100.252
95.9239
91.1522
85.7772
79.865
73.4462
66.6821
59.8585
52.9035
46.1875
39.906
34.9512
32.3623
32.429
34.4568
38.6213
44.2363
50.4095
56.6566
62.5882
68.2862
73.6196
78.4105
82.6051
86.2687
89.4305
92.1128
94.6347
96.6834
98.303
99.4873
100.507
101.284
102.006
102.966
104.061
105.557
107.045
108.445
109.765
111.001
112.074
112.96
113.666
114.054
114.063
113.722
113.024
112.018
110.741
109.19
107.61
105.98
104.377
102.772
101.179
99.5472
97.899
96.2857
94.6467
92.8819
91.1903
89.3868
87.4125
85.2808
82.7964
80.0706
77.2166
74.1707
70.8656
67.3308
63.6121
59.7387
55.9578
52.4154
49.182
46.5142
44.676
43.7751
44.0593
44.9738
46.7823
49.205
52.1074
55.2818
58.5371
61.84
64.9817
67.8573
70.4959
72.845
74.8059
76.5785
78.0687
79.4495
80.577
81.5053
82.2819
82.986
83.9945
85.0889
86.0754
87.0314
87.8897
88.8023
89.6861
90.5216
91.2709
91.9533
92.5008
92.8234
92.8659
92.577
92.1299
91.3521
90.4509
89.362
88.2234
87.0763
85.9346
84.7941
83.6852
82.5298
81.3367
80.0512
78.677
77.4632
76.2339
74.7879
73.0976
71.3001
69.3959
67.322
64.9968
62.3132
59.4202
56.2679
52.8184
49.2297
0
13.8569
27.3323
40.4071
52.6924
64.2795
74.6522
84.3158
92.6896
99.9886
106.072
111.19
115.29
118.53
121.006
122.969
125.055
127.538
129.746
131.436
132.847
133.986
135.196
136.927
139.25
141.806
144.489
147.104
149.485
151.536
153.269
154.388
154.932
154.78
153.97
152.584
150.669
148.457
146.004
143.368
140.461
137.339
134.064
130.822
127.714
124.797
121.974
119.12
116.087
113.035
110.139
107.034
103.679
100.275
96.4178
91.9715
86.8971
81.3412
75.2394
68.6751
62.0183
55.1464
48.2248
41.7533
36.3367
33.271
32.9726
35.5472
40.293
46.1926
52.6811
59.2461
65.5045
71.3059
76.5048
80.9947
84.8997
88.0561
90.6788
92.7437
94.4764
95.8514
97.1419
98.089
98.8786
99.5216
100.472
101.732
103.272
104.767
106.327
107.958
109.635
111.229
112.802
114.152
115.158
115.897
116.109
115.853
115.313
114.307
113.001
111.505
109.979
108.324
106.502
104.619
102.676
100.561
98.4286
96.1763
94.0665
92.4795
90.9194
89.327
87.5326
85.5864
83.375
80.9307
78.3045
75.4541
72.3696
68.9014
65.2413
61.5107
57.8049
54.2112
51.0032
48.3847
46.2314
44.9969
45.0248
46.2959
48.3543
51.1507
54.474
57.9411
61.3983
64.7864
67.9085
70.6508
73.026
75.068
76.8886
78.4077
79.7147
80.7511
81.5654
82.2395
82.8855
83.5628
84.2661
85.1555
86.2834
87.3267
88.3808
89.4878
90.5917
91.6956
92.7885
93.7096
94.4376
94.8789
95.031
94.8693
94.4107
93.7119
92.7311
91.6398
90.408
89.2013
87.9163
86.5627
85.1431
83.743
82.3338
80.981
79.5662
78.0459
76.5941
75.0937
73.689
72.1196
70.4147
68.3933
66.1491
63.6059
60.8263
57.8067
54.4678
51.0344
0
13.837
27.2854
40.25
52.493
63.8643
74.2885
84.1042
92.8038
100.552
107.369
113.289
118.374
122.736
126.623
130.148
133.446
136.559
139.307
141.378
142.751
143.702
144.347
145.046
145.96
146.849
147.65
148.355
148.991
149.438
149.664
149.464
148.812
147.591
145.926
143.84
141.242
138.515
135.515
132.669
129.765
126.92
124.245
121.805
119.793
118.295
116.775
115.004
112.931
110.942
108.894
106.381
103.328
100.034
96.106
91.5894
86.4168
80.6284
74.3347
67.6688
60.8072
53.8336
46.9993
40.6656
35.7948
32.6438
32.4488
35.0748
39.9235
45.8175
52.3634
58.8219
65.0119
70.864
76.2729
81.099
85.4016
89.2421
92.5232
95.5745
98.3748
100.959
102.976
104.582
105.695
106.716
107.604
108.672
109.444
110.102
110.55
110.874
111.215
111.513
111.754
111.914
112.012
111.749
111.116
110.251
108.97
107.571
105.859
103.956
102.056
100.234
98.4262
96.7489
95.1693
93.6221
92.0715
90.5885
89.4055
88.4368
87.4661
86.3637
85.0739
83.462
81.6762
79.5158
76.9426
74.0461
70.8736
67.4491
63.8094
60.1637
56.4901
52.9711
49.6026
46.7404
44.5956
43.6616
43.9161
45.6142
47.9937
50.7575
53.8773
57.0494
60.3371
63.6684
66.733
69.5436
72.0993
74.4676
76.664
78.6553
80.3824
81.8288
83.1529
84.4336
85.5614
86.537
87.2326
87.8012
88.3337
88.8346
89.3113
89.7789
90.214
90.6348
91.0567
91.4481
91.6193
91.5839
91.2973
90.7105
89.9574
88.9327
87.7222
86.4685
85.1783
83.9331
82.7033
81.511
80.3286
79.0916
77.8136
76.6339
75.4366
74.4011
73.4176
72.3524
71.2151
69.7597
68.0672
66.0526
63.8204
61.2685
58.4513
55.2467
51.7785
48.2087
0
13.4686
26.6403
39.3489
51.4574
62.647
72.9671
82.5967
91.2865
98.9656
105.548
111.202
115.806
119.575
122.512
124.913
127.26
129.749
132.036
133.822
135.199
136.382
137.513
139.134
141.297
143.756
146.203
148.509
150.446
152.097
153.162
153.803
153.723
153.151
152.056
150.474
148.57
146.36
143.995
141.568
139.064
136.483
133.898
131.353
129.016
126.783
124.585
121.994
119.407
116.688
113.506
109.853
106.185
102.173
97.5988
92.3577
86.6862
80.295
73.6836
66.6066
59.5755
52.5298
45.7013
39.632
34.9341
32.5231
32.9995
35.6618
40.3897
46.2018
52.4242
58.6679
64.6945
70.3298
75.4254
79.9397
83.9642
87.3953
90.2154
92.6403
94.7759
96.4595
97.8856
98.949
99.9774
100.99
102.114
103.164
104.597
106.252
107.941
109.58
111.061
112.335
113.472
114.39
114.997
115.178
115.079
114.592
113.797
112.702
111.355
109.917
108.443
106.991
105.506
104.052
102.499
100.994
99.349
97.7757
96.0293
94.4581
92.7
90.8726
88.8637
86.5129
83.8813
80.9421
77.8747
74.5875
71.0445
67.3202
63.4303
59.5244
55.6905
52.1556
49.0614
46.5058
44.7269
43.8932
44.4144
45.8103
47.9824
50.6159
53.4811
56.6659
60.049
63.3941
66.4729
69.2969
71.7041
73.8746
75.7037
77.2529
78.5438
79.7074
80.6952
81.5709
82.4826
83.5772
84.7336
85.8751
86.9287
88.0035
89.0651
90.0777
91.0212
91.891
92.7609
93.4594
93.8845
94.1099
94.0015
93.7238
93.0971
92.246
91.3018
90.2404
89.1351
88.0221
86.9139
85.7922
84.666
83.503
82.2775
81.036
79.7472
78.5318
77.1864
75.6633
73.891
71.9325
69.8621
67.6433
65.0391
62.1329
59.0519
55.669
52.2495
48.713
0
14.2592
28.1123
41.3909
53.9461
65.5895
76.0659
85.7116
94.1095
101.492
107.531
112.598
116.612
119.775
122.286
124.362
126.514
129.263
131.85
134.073
135.882
137.288
138.75
140.632
143.04
145.59
148.156
150.59
152.833
154.687
156.293
157.409
157.884
157.757
157.168
155.962
154.374
152.343
149.991
147.233
144.168
140.851
137.426
133.95
130.642
127.651
124.547
121.271
118.055
114.945
111.899
108.751
105.67
102.359
98.4692
94.1939
89.2025
83.5581
77.3229
70.6609
63.5967
56.4528
49.1305
42.2348
36.7417
33.9047
33.8053
36.5344
41.2208
47.3882
54.0047
60.5503
66.71
72.5077
77.6302
82.1114
85.8807
89.0106
91.6057
93.8253
95.7541
97.468
98.9596
100.249
101.288
102.274
103.473
104.967
106.627
108.161
109.726
111.324
112.888
114.449
115.851
117.067
118.063
118.706
118.939
118.787
118.308
117.473
116.369
115.011
113.483
111.774
109.947
107.978
105.9
103.717
101.451
99.1474
96.9293
95.0874
93.3266
91.547
89.653
87.6162
85.3742
83.0514
80.4684
77.5893
74.402
70.8667
67.0442
63.0795
59.1562
55.5019
52.2775
49.5799
47.5399
46.5741
46.9208
48.2151
50.5538
53.5164
56.8342
60.2556
63.5923
66.8958
69.9004
72.6544
75.0382
77.0614
78.8462
80.4493
81.8148
82.9149
83.8462
84.6773
85.5147
86.3243
87.135
88.1997
89.341
90.4244
91.4329
92.5484
93.668
94.7327
95.7814
96.6733
97.2976
97.7538
97.9431
97.7269
97.2743
96.613
95.738
94.7338
93.5807
92.278
90.9371
89.5252
88.074
86.6615
85.2178
83.7518
82.2356
80.6885
79.0829
77.5559
76.1064
74.4619
72.6188
70.5559
68.1661
65.5145
62.5648
59.3781
55.8863
52.2982
0
13.709
27.06
39.9371
52.2321
63.6709
74.2681
84.0242
92.9268
100.765
107.69
113.823
119.202
123.765
127.641
130.88
134.078
137.127
139.695
141.691
143.185
144.198
145.015
145.976
147.046
148.066
148.934
149.775
150.487
151.022
151.33
151.304
150.788
149.868
148.271
146.263
143.784
141.066
138.211
135.153
132.135
129.181
126.331
123.669
121.33
119.577
117.986
116.207
114.138
111.714
109.37
106.647
103.557
100.19
96.2788
91.7724
86.7086
81.0989
74.9233
68.5028
61.6305
54.7618
47.9219
41.6069
36.6274
33.3339
32.7442
35.1819
39.7609
45.6038
52.0943
58.5425
64.7249
70.6664
76.0816
81.0742
85.5611
89.5188
93.1821
96.4579
99.1853
101.548
103.357
104.884
106.048
107.013
108.03
109.249
110.32
111.09
111.723
112.225
112.627
113.018
113.354
113.6
113.721
113.624
113.145
112.402
111.311
109.876
108.207
106.397
104.486
102.599
100.761
98.8991
97.1583
95.4781
93.8178
92.203
90.8249
89.7818
88.7078
87.5536
86.1216
84.3784
82.5656
80.4421
78.0141
75.2187
72.2568
69.0237
65.6325
61.9914
58.3801
54.9218
51.5882
48.65
46.3764
45.0067
44.9188
46.1337
48.4733
51.272
54.295
57.4644
60.706
63.9993
67.1534
70.1416
72.8346
75.3129
77.4914
79.4126
81.113
82.5591
83.7448
84.8479
85.9847
86.9813
87.8418
88.5272
89.1125
89.6357
90.1925
90.7235
91.2228
91.7244
92.2003
92.6865
93.0168
93.1581
92.9919
92.596
92.0066
91.1385
90.1053
88.8928
87.5811
86.3184
85.058
83.7907
82.4658
81.1219
79.7658
78.3585
77.1809
76.0849
74.9999
73.9156
72.793
71.3969
69.7195
67.8247
65.733
63.3959
60.7059
57.7646
54.5285
50.9857
0
13.0152
25.6513
37.7956
49.2898
60.0958
70.1968
79.4372
87.8331
95.1759
101.456
106.89
111.271
114.764
117.667
119.983
122.506
125.496
128.13
130.277
132.155
133.731
135.2
137.083
139.249
141.353
143.238
144.859
146.349
147.503
148.502
149.086
149.342
149.032
148.213
147.1
145.505
143.673
141.673
139.586
137.299
135.017
132.495
129.945
127.344
124.726
122.202
119.496
116.729
113.779
110.529
106.897
103.256
99.2222
94.9736
90.2402
84.9359
79.2609
73.0023
66.4319
59.5361
52.6837
45.9308
39.8354
35.2706
32.9669
32.7779
34.5861
38.4409
43.4958
49.1226
54.9828
60.7408
66.2129
71.3404
75.8514
79.8015
83.1757
86.0853
88.5447
90.62
92.3493
93.6837
94.84
96.188
97.5773
99.0038
100.385
101.949
103.539
105.019
106.276
107.458
108.43
109.332
110.068
110.761
111.139
111.244
110.991
110.491
109.738
108.8
107.653
106.427
105.174
103.876
102.583
101.182
99.7
98.0448
96.3442
94.6027
92.7197
90.6754
88.6948
86.648
84.4416
82.0354
79.2751
76.3632
73.2263
69.9373
66.4216
62.8027
59.1051
55.5561
52.3167
49.3149
46.6532
44.7322
43.6256
43.0982
43.8549
45.4221
47.6576
50.3291
53.2495
56.4469
59.6973
62.7624
65.5481
68.0947
70.3081
72.1647
73.7699
75.1025
76.3532
77.4746
78.4643
79.5515
80.6393
81.7831
82.9133
83.9924
85.0717
86.0757
87.0106
87.9199
88.7378
89.497
90.1274
90.7007
91.0976
91.2027
91.1174
90.7638
90.2709
89.5933
88.7197
87.7545
86.753
85.7211
84.6762
83.5325
82.3486
81.1229
79.7827
78.4141
76.9445
75.4404
73.8847
72.1797
70.2879
68.2672
66.0993
63.7626
61.228
58.4629
55.4501
52.3053
48.8896
0
13.5237
26.6392
39.1258
50.8952
61.983
72.1573
81.4944
89.7326
97.0069
103.283
108.516
113.04
116.577
119.39
121.651
123.874
126.698
129.621
132.245
134.557
136.84
139.262
141.908
144.807
147.665
150.256
152.652
154.691
156.564
158.121
159.119
159.645
159.439
158.675
157.334
155.375
152.91
150.109
147.019
143.758
140.26
136.657
132.894
129.223
125.834
122.631
119.422
116.217
113.227
110.173
106.966
103.787
100.388
96.7069
92.5145
87.849
82.7073
76.9258
70.6321
63.816
56.7416
49.6832
43.1017
37.5654
34.3247
33.7399
35.5839
39.288
44.5735
50.59
56.7751
62.7784
68.5254
73.7276
78.3712
82.5727
86.1213
89.1154
91.576
93.6981
95.6428
97.3023
98.9158
100.389
101.932
103.762
105.927
107.982
109.9
111.717
113.389
114.999
116.417
117.697
118.84
119.735
120.332
120.559
120.466
119.904
119
117.73
116.235
114.468
112.543
110.509
108.415
106.24
103.995
101.765
99.4784
97.1717
94.8896
92.9706
91.1036
89.2011
87.0975
84.9505
82.6326
80.2434
77.5641
74.7209
71.6079
68.2116
64.599
60.8056
57.3053
54.1425
51.4324
49.276
47.8938
47.7552
48.4968
49.8579
51.9662
54.7463
57.8039
60.9403
64.0966
67.1443
69.9379
72.4685
74.6917
76.6679
78.4514
80.0623
81.4626
82.7073
83.8566
85.0062
86.0739
87.1905
88.4862
89.9339
91.2975
92.5849
93.778
94.8895
95.916
96.8896
97.7333
98.4434
98.9153
99.0569
98.9989
98.6384
98.0245
97.0981
96.0126
94.7188
93.3896
91.9295
90.4129
88.8049
87.1625
85.545
83.9934
82.4929
80.9092
79.2898
77.5392
75.9247
74.3614
72.7243
70.8505
68.7732
66.4598
63.9421
61.1374
58.0275
54.6939
0
13.9759
27.4611
40.4211
52.711
64.4697
75.4516
85.5185
94.6018
102.608
109.69
115.626
120.585
124.577
127.62
129.961
131.993
134.302
136.621
138.749
140.622
142.262
143.858
145.899
148.128
150.303
152.243
154.077
155.665
157.111
158.126
158.776
158.772
158.167
156.936
154.943
152.392
149.21
145.693
141.876
137.912
133.983
130.065
126.513
123.339
120.127
117.217
114.8
112.554
110.581
108.611
106.426
104.172
101.521
98.3692
94.4025
89.7302
84.3468
78.2824
71.6906
64.6831
57.4132
50.2842
43.5838
38.3799
35.0334
34.3063
36.3024
40.3508
45.8969
52.1616
58.7141
65.217
71.4002
77.0737
82.2786
86.9097
90.8446
94.1482
96.9436
99.3196
101.42
103.027
104.39
105.5
106.552
107.867
109.349
110.785
112.061
113.322
114.509
115.594
116.601
117.623
118.482
119.089
119.323
119.379
118.84
118.002
116.668
114.969
112.88
110.598
108.09
105.613
103.265
100.891
98.6545
96.6096
94.8553
93.3212
91.9607
90.6542
89.2884
88.0504
86.7666
85.2457
83.4022
81.2818
78.8191
76.0058
72.828
69.3092
65.6017
61.8174
58.0823
54.512
51.3187
48.7918
47.1762
46.9677
47.8849
49.7544
52.2983
55.3006
58.5692
61.8982
65.2626
68.5769
71.622
74.3797
76.8121
78.9081
80.7129
82.3
83.5656
84.6652
85.807
86.9209
88.0255
89.0232
89.9104
90.8002
91.6677
92.5466
93.4752
94.379
95.2872
96.148
96.9013
97.4861
97.8797
97.9752
97.7329
97.2162
96.3194
95.1906
93.7787
92.2501
90.5287
88.8346
87.2256
85.5843
84.0006
82.4853
81.1081
79.7869
78.5393
77.597
76.6303
75.5015
74.2624
72.8286
71.2268
69.3648
67.1678
64.5982
61.6566
58.3596
54.8488
0
14.2103
27.8589
40.8167
53.0219
64.2934
74.7702
84.03
92.2807
99.2824
105.103
110.11
113.895
116.878
119.114
120.641
121.742
123.474
125.587
127.655
129.397
131.06
132.927
135.348
138.214
140.962
143.404
145.638
147.638
149.268
150.603
151.359
151.638
151.299
150.507
149.305
147.442
145.308
142.801
140.044
137.181
134.155
130.885
127.548
124.17
121.022
118.254
115.586
113.206
110.889
108.394
105.99
103.689
100.934
97.6056
93.7511
89.1043
83.7733
77.7028
71.0247
63.8261
56.5024
49.2868
42.4568
36.7263
33.5102
32.7602
35.0034
39.3503
44.9679
51.1599
57.486
63.5425
69.1431
74.0756
78.4704
82.1239
85.2257
87.647
89.6828
91.1485
92.5439
93.6633
94.5461
95.4105
96.3865
97.6203
99.1887
100.914
102.637
104.384
106.003
107.473
108.848
110.164
111.289
112.077
112.626
112.736
112.498
111.999
111.159
110.01
108.583
106.952
105.191
103.451
101.755
99.9559
98.1093
96.1815
94.195
92.0778
90.2017
88.4564
86.8663
85.1406
83.314
81.2852
78.9465
76.4635
73.7761
70.7659
67.4721
63.8204
60.1536
56.4533
53.0166
49.8363
47.1233
44.9757
43.5551
42.9397
43.5642
45.4231
48.0793
50.9981
54.2072
57.5171
60.8178
63.8109
66.5058
68.8055
70.7718
72.5014
73.9519
75.144
76.1243
77.0699
78.0759
79.1009
80.1629
81.1959
82.2444
83.2733
84.3789
85.4702
86.6184
87.6755
88.7528
89.7986
90.7332
91.4852
91.9566
92.122
92.0882
91.7761
91.1468
90.3106
89.1939
87.9162
86.5391
85.1283
83.715
82.2972
80.8477
79.3993
78.0097
76.5706
75.0951
73.5266
71.9977
70.4646
68.9082
67.3459
65.503
63.429
61.1344
58.4239
55.5581
52.3904
49.0487
