470.54
463.613
443.489
411.637
370.324
322.38
270.911
219.018
169.483
124.565
85.8577
54.228
29.8087
12.0722
-0.0595047
-8.02735
-13.5341
-18.3989
-24.3811
-33.0807
-45.8205
-63.5888
-86.9157
-115.841
-149.866
-187.934
-228.523
-269.676
-309.163
-344.664
-373.952
-395.105
-406.688
-407.913
-398.705
-379.682
-352.131
-317.877
-279.083
-238.075
-197.113
-158.22
-123.047
-92.7467
-67.9664
-48.797
-34.8361
-25.2335
-18.7539
-13.9091
-9.02248
-2.34393
7.78459
22.8273
43.8915
71.6063
106.001
146.413
191.516
239.333
287.367
332.78
372.663
404.331
425.547
434.758
431.288
415.405
388.303
351.943
308.84
261.849
213.847
167.485
124.975
87.9197
57.2775
33.3119
15.6538
3.42162
-4.64951
-10.0632
-14.4599
-19.4536
-26.5036
-36.8799
-51.5116
-70.9703
-95.3744
-124.387
-157.192
-192.53
-228.75
-263.942
-296.075
-323.171
-343.458
-355.583
-358.726
-352.672
-337.846
-315.253
-286.393
-253.117
-217.431
-181.343
-146.69
-114.977
-87.3282
-64.3936
-46.3696
-33.0143
-23.6796
-17.395
-12.9307
-8.89592
-3.8181
3.73733
15.0488
31.1313
52.6192
79.6686
111.874
148.254
187.296
227.015
265.114
299.202
326.977
346.503
356.376
355.868
345.047
324.742
296.441
262.144
224.14
184.826
146.415
110.8
79.4118
53.1366
32.3099
16.7426
5.80265
-1.47776
-6.27591
-9.88821
-13.6101
-18.6505
-26.0404
-36.5915
-50.8152
-68.8709
-90.5918
-115.413
-142.427
-170.42
-197.954
-223.46
-245.394
-262.356
-273.221
-277.256
-274.191
-264.232
-248.07
-226.781
-201.729
-174.442
-146.47
-119.264
-94.0523
-71.7745
-53.0297
-38.0609
-26.763
-18.7396
-13.3146
-9.62545
-6.64626
-3.29325
1.50888
8.73873
19.1996
33.446
51.6873
73.7353
99.0003
126.49
154.842
182.467
207.628
228.659
244.095
252.826
254.221
248.193
235.226
216.283
192.72
166.152
138.28
110.725
84.8972
61.8873
42.4048
26.7602
14.8999
6.44358
0.752105
-2.9661
-5.60227
-8.05209
-11.1502
-15.6419
-22.104
-30.932
-42.2963
-56.1406
-72.1627
-89.8015
-108.314
-126.761
-144.133
-159.385
-171.549
-179.819
-183.652
-182.783
-177.274
-167.499
-154.112
-137.984
-120.088
-101.465
-83.1034
-65.8466
-50.37
-37.1322
466.552
459.498
439.522
408.058
367.327
320.108
269.441
218.356
169.591
125.341
87.1262
55.7677
31.3894
13.4347
0.850491
-7.74909
-14.0353
-19.7316
-26.5035
-35.8606
-49.051
-66.9622
-90.1245
-118.56
-151.778
-188.795
-228.181
-268.075
-306.343
-340.771
-369.203
-389.791
-401.149
-402.47
-393.659
-375.326
-348.683
-315.482
-277.833
-237.972
-198.078
-160.111
-125.66
-95.8176
-71.2095
-51.9059
-37.5122
-27.2293
-19.9101
-14.1293
-8.33925
-0.910316
9.70591
24.9131
45.7637
72.8836
106.353
145.617
189.477
236.1
283.109
327.794
367.346
399.09
420.809
430.902
428.583
414.01
388.243
353.126
311.065
264.842
217.289
171.051
128.373
90.9056
59.6262
34.8862
16.3861
3.28167
-5.62011
-11.7761
-16.7593
-22.1239
-29.3093
-39.547
-53.7278
-72.4462
-95.8789
-123.703
-155.211
-189.241
-224.241
-258.425
-289.837
-316.544
-336.817
-349.296
-353.094
-347.925
-334.144
-312.666
-284.916
-252.684
-217.921
-182.591
-148.535
-117.247
-89.8127
-66.9289
-48.7549
-35.0689
-25.247
-18.3569
-13.2195
-8.518
-2.93296
4.89403
16.1526
31.8099
52.5127
78.4681
109.371
144.409
182.239
221.044
258.674
292.817
321.218
341.906
353.381
354.754
345.879
327.379
300.569
267.321
229.829
190.484
151.573
115.086
82.5562
54.9929
32.8668
16.1041
4.13874
-3.94409
-9.29545
-13.1751
-16.8838
-21.624
-28.4482
-38.1585
-51.2969
-68.0866
-88.412
-111.827
-137.502
-164.365
-191.04
-216.056
-237.884
-255.111
-266.574
-271.469
-269.4
-260.482
-245.318
-224.92
-200.607
-173.908
-146.374
-119.482
-94.5228
-72.4452
-53.8618
-39.0171
-27.7832
-19.738
-14.1877
-10.2793
-7.02532
-3.44392
1.50713
8.72301
18.9298
32.655
50.1457
71.2727
95.5555
122.147
149.852
177.192
202.531
224.232
240.832
251.11
254.292
250.085
238.779
221.146
198.405
172.087
143.877
115.479
88.4184
63.9073
42.8407
25.7064
12.5611
3.10629
-3.24546
-7.2793
-9.90833
-12.0385
-14.5673
-18.2851
-23.8017
-31.5563
-41.7952
-54.4686
-69.3242
-85.9159
-103.536
-121.328
-138.307
-153.449
-165.769
-174.445
-178.85
-178.63
-173.782
-164.606
-151.694
-135.911
-118.27
-99.8343
-81.6634
-64.6296
-49.4553
-36.63
458.552
451.887
433.049
403.384
364.967
320.37
272.417
223.922
177.398
134.862
97.6989
66.6498
41.8058
22.6564
8.24413
-2.71448
-11.6882
-20.2054
-29.6928
-41.466
-56.5781
-75.7593
-99.4118
-127.502
-159.561
-194.699
-231.625
-268.717
-304.121
-335.883
-362.141
-381.278
-392.063
-393.799
-386.378
-370.297
-346.607
-316.81
-282.696
-246.192
-209.198
-173.436
-140.271
-110.731
-85.4158
-64.4958
-47.7202
-34.4847
-23.8945
-14.805
-5.91279
4.16393
16.8044
33.2509
54.5026
81.1756
113.399
150.758
192.223
236.163
280.454
322.635
360.118
390.432
411.474
421.706
420.348
407.471
384.026
351.67
312.602
269.349
224.546
180.642
139.705
103.273
72.2758
47.0531
27.3536
12.4493
1.28654
-7.42456
-15.0668
-22.97
-32.3845
-44.3305
-59.5909
-78.6149
-101.54
-128.089
-157.619
-189.141
-221.355
-252.726
-281.58
-306.283
-325.334
-337.524
-342.076
-338.701
-327.638
-309.61
-285.759
-257.579
-226.697
-194.772
-163.344
-133.705
-106.88
-83.4992
-63.8446
-47.8165
-35.0208
-24.7927
-16.2498
-8.37211
-0.0590521
9.84271
22.3922
38.4497
58.6533
83.2584
112.119
144.611
179.623
215.569
250.573
282.586
309.55
329.632
341.361
343.866
336.905
320.993
297.247
267.295
233.111
196.843
160.558
126.091
94.8771
67.8644
45.5363
27.862
14.3935
4.36063
-3.2331
-9.47778
-15.4703
-22.1967
-30.5669
-41.2445
-54.6298
-70.9064
-89.964
-111.431
-134.637
-158.695
-182.521
-204.901
-224.612
-240.496
-251.586
-257.164
-256.877
-250.775
-239.253
-223.057
-203.2
-180.878
-157.305
-133.673
-111
-90.1367
-71.5982
-55.7071
-42.4837
-31.7006
-22.9736
-15.7176
-9.25534
-2.84649
4.29028
12.907
23.6545
37.0259
53.2989
72.4841
94.3168
118.149
143.028
167.716
190.841
211.002
226.824
237.18
241.276
238.773
229.82
215.033
195.426
172.31
147.163
121.468
96.6091
73.6978
53.5472
36.6207
23.0499
12.6266
4.87323
-0.847173
-5.29289
-9.23071
-13.3717
-18.3624
-24.6654
-32.6648
-42.4927
-54.1266
-67.3637
-81.8304
-97.0034
-112.227
-126.757
-139.828
-150.692
-158.723
-163.424
-164.499
-161.925
-155.857
-146.73
-135.103
-121.678
-107.245
-92.5059
-78.1499
-64.679
-52.5182
463.312
456.95
438.492
409.275
371.354
327.297
279.89
231.872
185.703
143.338
106.084
74.6321
49.0149
28.7414
12.8908
0.24644
-10.5686
-20.9643
-32.2785
-45.6942
-62.1793
-82.4216
-106.792
-135.269
-167.417
-202.413
-239.036
-275.746
-310.756
-342.19
-368.235
-387.305
-398.19
-400.17
-393.106
-377.456
-354.213
-324.793
-290.928
-254.489
-217.319
-181.091
-147.185
-116.626
-90.0584
-67.7053
-49.4056
-34.6484
-22.6148
-12.268
-2.36391
8.42716
21.464
38.0183
59.129
85.4761
117.3
154.26
195.401
239.193
283.529
325.961
363.887
394.796
416.538
427.544
426.965
414.856
392.123
360.395
321.856
279.031
234.499
190.675
149.601
112.774
81.0936
54.8764
33.8996
17.4743
4.62002
-5.87037
-15.2692
-24.8291
-35.6966
-48.837
-65.0041
-84.6564
-107.952
-134.687
-164.297
-195.844
-228.127
-259.655
-288.8
-313.935
-333.543
-346.403
-351.669
-348.971
-338.472
-320.833
-297.129
-268.777
-237.376
-204.582
-171.963
-140.851
-112.318
-87.0948
-65.5619
-47.753
-33.3738
-21.8449
-12.3653
-3.94792
4.51455
14.1807
26.1864
41.5203
60.931
84.8116
113.133
145.354
180.439
216.853
252.68
285.796
314.07
335.558
348.716
352.571
346.813
331.887
308.892
279.44
245.508
209.228
172.665
137.664
105.655
77.6065
53.9904
34.8221
19.7165
7.97897
-1.29228
-9.10813
-16.4826
-24.381
-33.6451
-44.9625
-58.8125
-75.4395
-94.827
-116.669
-140.369
-165.098
-189.783
-213.208
-234.101
-251.231
-263.55
-270.246
-270.884
-265.379
-254.073
-237.658
-217.103
-193.589
-168.384
-142.749
-117.81
-94.5003
-73.517
-55.3071
-40.0403
-27.6321
-17.7603
-9.89943
-3.37421
2.60238
8.90271
16.3863
25.8682
38.0153
53.254
71.7457
93.2864
117.311
142.866
168.697
193.332
215.209
232.863
245.025
250.812
249.762
241.961
227.992
208.859
185.874
160.538
134.369
108.763
84.8882
63.5928
45.3644
30.3585
18.4259
9.15896
1.98769
-3.78052
-8.85616
-13.9373
-19.6515
-26.5213
-34.934
-45.1246
-57.1665
-70.949
-86.1621
-102.318
-118.782
-134.772
-149.472
-162.045
-171.718
-177.885
-180.13
-178.266
-172.399
-162.879
-150.265
-135.283
-118.752
-101.526
-84.414
-68.112
-53.1592
463.327
456.837
438.491
409.616
372.213
328.789
282.059
234.709
189.119
147.165
110.096
78.5413
52.5313
31.5555
14.7207
0.883129
-11.2598
-23.0305
-35.6535
-50.212
-67.5796
-88.3873
-112.974
-141.307
-172.977
-207.209
-242.858
-278.468
-312.334
-342.65
-367.683
-385.902
-396.15
-397.748
-390.577
-375.101
-352.306
-323.591
-290.65
-255.29
-219.287
-184.229
-151.385
-121.678
-95.6536
-73.4722
-54.9228
-39.4824
-26.3677
-14.6299
-3.12494
9.33742
23.9745
41.9357
64.1505
91.2394
123.391
160.274
200.994
244.084
287.546
329.011
365.975
396.02
417.063
427.574
426.739
414.587
392.013
360.617
322.521
280.188
236.148
192.77
152.05
115.412
83.7282
57.3006
35.8698
18.8136
5.14222
-6.29302
-16.7019
-27.2702
-39.0753
-53.0044
-69.7461
-89.7355
-113.092
-139.608
-168.728
-199.568
-230.951
-261.459
-289.523
-313.57
-332.152
-344.11
-348.646
-345.436
-334.688
-317.072
-293.696
-265.963
-235.444
-203.756
-172.391
-142.597
-115.331
-91.2129
-70.5139
-53.1682
-38.8347
-26.8627
-16.5159
-6.87602
3.0562
14.3214
27.8926
44.6277
65.1572
89.7971
118.498
150.704
185.422
221.196
256.209
288.421
315.809
336.5
349.024
352.431
346.413
331.38
308.41
279.069
245.274
209.119
172.665
137.73
105.72
77.5994
53.8436
34.4787
19.0994
7.00585
-2.67955
-10.9344
-18.7519
-27.1091
-36.805
-48.4541
-62.5325
-79.2615
-98.5756
-120.154
-143.436
-167.533
-191.443
-213.989
-233.894
-250
-261.317
-267.087
-266.89
-260.725
-248.985
-232.389
-211.967
-188.909
-164.479
-139.921
-116.305
-94.4747
-75.0227
-58.2544
-44.194
-32.6337
-23.1274
-15.1202
-8
-0.985901
6.6604
15.6786
26.7176
40.2782
56.6934
76.0169
98.0036
122.091
147.378
172.675
196.604
217.694
234.575
246.033
251.23
249.719
241.558
227.313
207.927
184.688
159.072
132.587
106.667
82.4973
60.91
42.4411
27.2698
15.237
5.93013
-1.24381
-6.97997
-12.0126
-17.0293
-22.6895
-29.5119
-37.8636
-47.9781
-59.8808
-73.439
-88.3256
-104.033
-119.931
-135.256
-149.176
-160.867
-169.602
-174.82
-176.149
-173.45
-166.875
-156.833
-143.944
-128.995
-112.836
-96.3276
-80.2675
-65.2979
-51.8702
449.362
443.344
426.298
399.445
364.647
324.208
280.611
236.295
193.407
153.634
118.096
87.3075
61.2699
39.5186
21.2521
5.48062
-8.90107
-22.9807
-37.7757
-54.1387
-72.7615
-94.1282
-118.494
-145.83
-175.787
-207.713
-240.648
-273.356
-304.398
-332.223
-355.322
-372.358
-382.29
-384.498
-378.853
-365.703
-345.859
-320.49
-291.032
-259.02
-225.961
-193.211
-161.872
-132.777
-106.439
-83.0754
-62.6294
-44.7736
-28.9689
-14.5044
-0.513787
13.9676
29.9571
48.4641
70.3588
96.2624
126.464
160.773
198.499
238.402
278.763
317.489
352.287
380.938
401.47
412.414
412.924
402.938
383.174
355.013
320.386
281.492
240.635
199.969
161.31
126.014
94.8823
68.2297
45.8724
27.2544
11.5603
-2.15975
-14.9006
-27.6054
-41.1472
-56.2144
-73.3579
-92.9121
-115.007
-139.515
-166.033
-193.888
-222.16
-249.717
-275.266
-297.489
-315.132
-327.148
-332.801
-331.707
-323.931
-309.945
-290.608
-267.036
-240.478
-212.264
-183.624
-155.66
-129.197
-104.832
-82.9016
-63.5066
-46.5059
-31.5597
-18.2153
-5.81607
6.36171
19.1193
33.2915
49.6483
68.8342
91.291
117.116
145.999
177.214
209.604
241.674
271.637
297.655
317.996
331.186
336.25
332.76
320.941
301.625
276.135
246.154
213.518
180.07
147.468
117.025
89.6669
65.881
45.7245
28.9244
14.9501
3.08687
-7.45008
-17.4177
-27.5518
-38.4528
-50.5843
-64.3011
-79.7985
-97.0873
-115.985
-136.124
-156.936
-177.682
-197.477
-215.345
-230.343
-241.6
-248.428
-250.391
-247.362
-239.51
-227.303
-211.471
-192.881
-172.488
-151.26
-130.04
-109.531
-90.2798
-72.6471
-56.7709
-42.6696
-30.2094
-19.1217
-9.05411
0.443924
9.89866
19.8467
30.8394
43.3959
57.9112
74.5996
93.4447
114.13
136.038
158.292
179.779
199.237
215.405
227.16
233.627
234.282
229.018
218.191
202.529
183.081
161.077
137.828
114.541
92.2993
71.9026
53.861
38.3806
25.3978
14.6309
5.64574
-2.05598
-9.0185
-15.7074
-22.6074
-30.0715
-38.3562
-47.6272
-57.9457
-69.3009
-81.4947
-94.2708
-107.236
-119.883
-131.636
-141.925
-150.182
-155.92
-158.783
-158.575
-155.297
-149.158
-140.53
-129.893
-117.813
-104.844
-91.5626
-78.44
-65.8708
439.36
433.789
417.837
392.629
359.87
321.69
280.366
238.157
197.037
158.574
123.804
93.2464
66.936
44.4663
25.1397
8.05218
-7.78824
-23.3576
-39.5499
-57.1454
-76.7402
-98.7322
-123.304
-150.359
-179.547
-210.232
-241.533
-272.326
-301.333
-327.191
-348.585
-364.346
-373.571
-375.711
-370.628
-358.596
-340.283
-316.709
-289.113
-258.848
-227.26
-195.596
-164.937
-136.1
-109.657
-85.8776
-64.77
-46.1148
-29.4441
-14.1305
0.641324
15.7759
32.2213
50.9286
72.7319
98.2263
127.676
160.919
197.307
235.713
274.527
311.773
345.337
373.122
393.279
404.382
405.637
396.933
378.901
352.8
320.367
283.647
244.766
205.738
168.272
133.672
102.738
75.7788
52.6916
33.0288
16.0749
0.96736
-13.187
-27.2678
-42.043
-58.1553
-76.1018
-96.1695
-118.449
-142.782
-168.789
-195.827
-223.05
-249.441
-273.836
-295.057
-311.981
-323.641
-329.353
-328.757
-321.845
-308.974
-290.843
-268.42
-242.854
-215.347
-187.075
-159.11
-132.334
-107.412
-84.7814
-64.6207
-46.8842
-31.311
-17.4594
-4.74379
7.58487
20.3172
34.2795
50.2707
68.9392
90.7359
115.796
143.865
174.273
205.946
237.436
267.056
293.024
313.664
327.556
333.694
331.602
321.427
303.897
280.219
251.928
220.755
188.464
156.618
126.521
99.0942
74.8461
53.91
36.0854
20.932
7.82345
-3.96041
-15.1308
-26.3659
-38.2439
-51.2291
-65.6736
-81.7558
-99.4702
-118.653
-138.942
-159.788
-180.504
-200.248
-218.123
-233.225
-244.723
-251.942
-254.425
-251.983
-244.7
-232.952
-217.366
-198.751
-178.019
-156.099
-133.886
-112.184
-91.6549
-72.7596
-55.7844
-40.8412
-27.8466
-16.5641
-6.63964
2.44322
11.2352
20.3567
30.4498
42.0876
55.7572
71.7276
90.0306
110.415
132.301
154.822
176.85
197.105
214.323
227.338
235.228
237.402
233.674
224.309
209.967
191.615
170.448
147.716
124.626
102.254
81.442
62.7465
46.4234
32.4835
20.7146
10.7499
2.10906
-5.73004
-13.2496
-20.9029
-29.0857
-38.0836
-48.0932
-59.1891
-71.3257
-84.3459
-97.9518
-111.737
-125.228
-137.851
-148.994
-158.071
-164.558
-168.069
-168.374
-165.414
-159.271
-150.251
-138.852
-125.634
-111.211
-96.2069
-81.2045
-66.728
440.885
435.177
419.12
393.829
360.968
322.63
281.071
238.493
196.899
157.887
122.492
91.2831
64.3352
41.3026
21.5393
4.18608
-11.7227
-27.1661
-43.0451
-60.1367
-79.0793
-100.306
-124.032
-150.244
-178.624
-208.572
-239.209
-269.434
-297.97
-323.475
-344.609
-360.185
-369.292
-371.369
-366.285
-354.321
-336.166
-312.846
-285.631
-255.885
-224.973
-194.15
-164.452
-136.674
-111.328
-88.6037
-68.4276
-50.5053
-34.2994
-19.1471
-4.21356
11.4111
28.6419
48.3477
71.2477
97.847
128.327
162.444
199.486
238.295
277.272
314.505
347.906
375.442
395.306
406.136
407.149
398.22
379.986
353.688
321.008
283.959
244.657
205.082
167.005
131.737
100.104
72.4905
48.8522
28.7585
11.5465
-3.61741
-17.6346
-31.3639
-45.6006
-61.0192
-78.1504
-97.3235
-118.672
-142.115
-167.291
-193.59
-220.186
-246.068
-270.075
-291.037
-307.787
-319.35
-325.022
-324.423
-317.551
-304.752
-286.753
-264.559
-239.341
-212.356
-184.809
-157.753
-132.063
-108.382
-87.0689
-68.185
-51.5792
-36.8872
-23.5788
-11.007
1.57863
14.9733
29.9373
47.1731
67.2315
90.4108
116.716
145.82
176.985
209.128
240.827
270.41
296.186
316.524
330.055
335.83
333.368
322.82
304.897
280.761
251.936
220.136
187.085
154.413
123.474
95.2198
70.218
48.6631
30.4407
15.1187
2.07517
-9.39625
-20.0525
-30.5813
-41.5959
-53.6411
-67.1091
-82.2036
-99.0108
-117.372
-136.959
-157.215
-177.449
-196.844
-214.474
-229.436
-240.852
-248.013
-250.464
-248.01
-240.717
-228.968
-213.422
-194.927
-174.466
-153.036
-131.564
-110.846
-91.5426
-74.0816
-58.6229
-45.1672
-33.47
-23.1528
-13.7593
-4.75806
4.50506
14.6009
26.0561
39.3309
54.7129
72.3207
92.0963
113.617
136.259
159.184
181.299
201.401
218.306
230.904
238.322
240.029
235.815
225.938
211.068
192.138
170.279
146.737
122.748
99.4344
77.7243
58.1901
41.145
26.6641
14.5775
4.56285
-3.88176
-11.2738
-18.1525
-24.9965
-32.2162
-40.165
-49.1038
-59.1525
-70.3519
-82.571
-95.5189
-108.816
-121.951
-134.332
-145.384
-154.472
-160.974
-164.516
-164.82
-161.813
-155.617
-146.564
-135.142
-121.999
-107.816
-93.2648
-79.0003
-65.538
431.983
426.534
411.179
386.947
355.416
318.541
278.442
237.224
196.744
158.486
123.48
92.2991
65.0606
41.5164
21.0896
3.05312
-13.4457
-29.2815
-45.2898
-62.2151
-80.6725
-101.106
-123.792
-148.762
-175.758
-204.285
-233.537
-262.471
-289.888
-314.461
-334.906
-350.091
-359.134
-361.486
-357.016
-346.005
-329.093
-307.272
-281.721
-253.709
-224.513
-195.268
-166.924
-140.195
-115.524
-93.1087
-72.8919
-54.627
-37.8563
-22.0008
-6.33654
9.94013
27.6434
47.5706
70.3969
96.6087
126.364
159.461
195.255
232.668
270.209
306.077
338.301
364.978
384.402
395.267
396.81
388.918
372.129
347.56
316.789
281.657
244.156
206.139
169.223
134.658
103.281
75.5177
51.3989
30.6216
12.6182
-3.30398
-17.9061
-31.9746
-46.2356
-61.3172
-77.7569
-95.9178
-115.991
-137.96
-161.559
-186.276
-211.383
-235.937
-258.851
-279.004
-295.3
-306.807
-312.854
-313.066
-307.427
-296.261
-280.224
-260.214
-237.288
-212.56
-187.087
-161.804
-137.468
-114.646
-93.6465
-74.5853
-57.3917
-41.8173
-27.4733
-13.8561
-0.360452
13.6549
28.8708
45.9327
65.3577
87.4793
112.365
139.783
169.129
199.427
229.394
257.518
282.202
301.93
315.417
321.726
320.396
311.523
295.675
273.909
247.581
218.23
187.459
156.71
127.224
99.8618
75.2181
53.5655
34.8162
18.6936
4.73784
-7.63829
-18.9836
-29.9024
-40.9477
-52.6022
-65.2374
-79.1285
-94.405
-111.044
-128.81
-147.281
-165.86
-183.816
-200.321
-214.5
-225.572
-232.899
-236.044
-234.812
-229.25
-219.691
-206.738
-191.057
-173.452
-154.71
-135.597
-116.77
-98.7364
-81.8251
-66.2464
-52.0424
-39.1636
-27.4187
-16.5454
-6.20403
4.03874
14.6274
26.0118
38.6246
52.8081
68.7726
86.5509
105.916
126.396
147.256
167.553
186.206
202.127
214.298
221.905
224.375
221.528
213.564
201.004
184.632
165.439
144.551
123.008
101.784
81.644
63.1521
46.6091
32.1374
19.6372
8.90682
-0.382003
-8.57827
-16.1004
-23.2968
-30.5152
-38.0641
-46.1776
-55.039
-64.7469
-75.2729
-86.4589
-98.0214
-109.566
-120.568
-130.504
-138.835
-145.072
-148.874
-149.97
-148.293
-143.96
-137.256
-128.536
-118.288
-106.996
-95.1574
-83.2105
-71.4625
438.038
432.429
416.756
392.094
360.03
322.565
281.832
239.95
198.834
159.996
124.499
92.9244
65.4056
41.6667
21.1242
3.01956
-13.5365
-29.4514
-45.5963
-62.758
-81.5698
-102.483
-125.745
-151.355
-179.033
-208.233
-238.124
-267.644
-295.525
-320.44
-341.1
-356.335
-365.257
-367.301
-362.327
-350.632
-332.892
-310.106
-283.517
-254.457
-224.265
-194.16
-165.152
-138.004
-113.19
-90.9097
-71.0683
-53.3504
-37.2359
-22.0493
-6.98896
8.82039
26.2709
46.2064
69.3074
96.0403
126.533
160.532
197.331
235.771
274.285
311.001
343.935
371.131
390.871
401.849
403.309
395.161
377.967
352.884
321.517
285.758
247.6
208.945
171.439
136.395
104.669
76.6578
52.3631
31.464
13.384
-2.63715
-17.4211
-31.7787
-46.4875
-62.194
-79.4377
-98.5571
-119.669
-142.695
-167.32
-192.982
-218.888
-244.049
-267.349
-287.682
-303.957
-315.238
-320.843
-320.387
-313.882
-301.699
-284.496
-263.192
-238.909
-212.82
-186.07
-159.689
-134.503
-111.119
-89.905
-70.9949
-54.2514
-39.365
-25.8625
-13.1235
-0.450342
12.9015
27.732
44.7609
64.471
87.1806
112.958
141.45
171.977
203.454
234.503
263.543
288.926
309.108
322.792
329.077
327.529
318.246
301.881
279.533
252.577
222.611
191.221
159.912
129.931
102.234
77.3797
55.6005
36.8207
20.6925
6.69912
-5.8057
-17.4658
-28.9369
-40.812
-53.5738
-67.5611
-82.9785
-99.8461
-118.029
-137.189
-156.825
-176.296
-194.823
-211.58
-225.739
-236.549
-243.363
-245.748
-243.525
-236.794
-225.884
-211.371
-193.994
-174.585
-154.049
-133.248
-112.934
-93.7275
-76.0736
-60.2227
-46.2469
-34.0185
-23.2503
-13.58
-4.51496
4.51137
14.133
24.9253
37.3768
51.8715
68.5322
87.3202
107.948
129.744
151.903
173.366
192.96
209.553
222.131
229.862
232.24
229.103
220.664
207.532
190.547
170.718
149.199
127.099
105.405
84.9144
66.2236
49.6301
35.2357
22.8937
12.2992
3.06724
-5.28505
-13.2374
-21.1951
-29.5673
-38.6076
-48.4971
-59.3181
-70.9798
-83.3204
-96.0747
-108.886
-121.285
-132.762
-142.814
-150.979
-156.786
-159.87
-160.045
-157.273
-151.673
-143.498
-133.12
-121.035
-107.823
-94.0751
-80.3081
-67.0062
444.261
438.694
422.88
397.915
365.438
327.494
286.286
243.959
202.42
163.182
127.262
95.1986
67.087
42.6273
21.2548
2.2508
-15.1993
-31.9342
-48.73
-66.3183
-85.2984
-106.11
-129.05
-154.193
-181.345
-210.042
-239.527
-268.756
-296.507
-321.419
-342.16
-357.526
-366.57
-368.716
-363.836
-352.262
-334.717
-312.259
-286.15
-257.744
-228.353
-199.131
-170.995
-144.609
-120.348
-98.287
-78.3045
-60.0788
-43.1347
-26.8471
-10.5007
6.6777
25.4775
46.6817
70.9337
98.6707
130.062
164.861
202.387
241.507
280.641
317.899
351.259
378.741
398.572
409.41
410.518
401.816
383.916
358.059
325.918
289.454
250.717
211.602
173.75
138.427
106.411
78.0505
53.3194
31.8722
13.1417
-3.55401
-18.9739
-33.8599
-48.9234
-64.7785
-81.9556
-100.833
-121.595
-144.263
-168.579
-194.049
-219.92
-245.192
-268.722
-289.328
-305.844
-317.287
-322.939
-322.446
-315.847
-303.548
-286.343
-265.237
-241.391
-215.985
-190.125
-164.77
-140.65
-118.246
-97.7949
-79.3105
-62.6167
-47.3839
-33.1491
-19.3375
-5.3222
9.58372
26.0601
44.7251
66.0694
90.3516
117.592
147.469
179.257
211.853
243.857
273.656
299.563
319.995
333.641
339.564
337.358
327.189
309.769
286.269
258.15
227.09
194.74
162.599
131.921
103.603
78.1887
55.8791
36.5614
19.8881
5.3791
-7.53321
-19.4539
-30.9901
-42.7057
-55.1068
-68.6021
-83.4497
-99.7915
-117.606
-136.657
-156.455
-176.363
-195.547
-213.087
-228.013
-239.449
-246.717
-249.357
-247.158
-240.286
-229.184
-214.572
-197.271
-178.22
-158.332
-138.445
-119.238
-101.197
-84.6208
-69.6236
-56.1699
-44.0562
-33.0014
-22.6018
-12.397
-1.90182
9.40507
22.0303
36.3953
52.8047
71.3839
92.0221
114.365
137.774
161.36
184.02
204.556
221.792
234.648
242.288
244.201
240.261
230.758
216.371
198.019
176.824
153.983
130.64
107.808
86.2768
66.6193
49.1337
33.8898
20.7907
9.56011
-0.133632
-8.69462
-16.5426
-24.1324
-31.853
-40.0548
-49.0234
-58.9478
-69.9281
-81.906
-94.6796
-107.896
-121.062
-133.577
-144.774
-154.027
-160.766
-164.528
-165.107
-162.458
-156.754
-148.408
-137.907
-125.861
-112.91
-99.6615
-86.6365
-74.2495
444.579
438.885
423.002
398.04
365.63
327.801
286.725
244.502
203.021
163.783
127.783
95.5709
67.2521
42.5366
20.8816
1.59559
-16.1375
-33.127
-50.1517
-67.9351
-87.0722
-108.03
-131.095
-156.328
-183.533
-212.221
-241.614
-270.703
-298.253
-322.918
-343.376
-358.441
-367.205
-369.104
-364.033
-352.324
-334.678
-312.153
-286.001
-257.557
-228.124
-198.832
-170.591
-144.053
-119.596
-97.3405
-77.1408
-58.6855
-41.4957
-24.963
-8.39554
8.9769
27.9526
49.293
73.6267
101.413
132.774
167.453
204.766
243.561
282.263
318.992
351.74
378.535
397.662
407.827
408.314
399.104
380.847
354.807
322.667
286.363
247.916
209.175
171.722
136.76
105.045
76.8756
52.2408
30.7915
11.9687
-4.91203
-20.5441
-35.6526
-50.9186
-66.9431
-84.2361
-103.166
-123.905
-146.469
-170.578
-195.722
-221.148
-245.882
-268.815
-288.775
-304.642
-315.447
-320.531
-319.579
-312.646
-300.164
-282.883
-261.782
-238.022
-212.765
-187.057
-161.836
-137.792
-115.401
-94.9195
-76.3417
-59.4963
-44.0584
-29.578
-15.5359
-1.33941
13.658
30.1127
48.6231
69.6547
93.5105
120.184
149.318
180.231
211.85
242.783
271.439
296.174
315.416
327.922
332.832
329.769
318.964
301.196
277.664
249.863
219.44
187.961
156.841
127.262
99.9867
75.4861
53.8882
35.034
18.592
4.08784
-8.99356
-21.192
-33.0358
-45.0117
-57.5893
-71.1327
-85.8815
-101.963
-119.311
-137.695
-156.678
-175.598
-193.699
-210.105
-223.906
-234.302
-240.632
-242.451
-239.655
-232.427
-221.219
-206.69
-189.667
-171.055
-151.7
-132.374
-113.685
-96.0669
-79.8054
-64.9872
-51.5398
-39.2935
-28.0148
-17.3628
-6.90862
3.74216
15.0183
27.3886
41.2214
56.8355
74.3998
93.8088
114.728
136.586
158.542
179.527
198.372
213.95
225.24
231.461
232.182
227.362
217.338
202.844
184.872
164.499
142.888
121.074
99.9318
80.1144
62.0841
45.9801
31.8217
19.4401
8.55693
-1.08603
-9.8392
-18.0138
-25.932
-33.8944
-42.2067
-51.1081
-60.7634
-71.2012
-82.4062
-94.1855
-106.212
-118.061
-129.171
-138.955
-146.863
-152.36
-155.101
-154.875
-151.686
-145.795
-137.533
-127.387
-115.923
-103.71
-91.2793
-79.0687
-67.4051
452.577
446.756
430.46
404.837
371.575
332.795
290.759
247.645
205.419
165.609
129.201
96.7325
68.2717
43.4729
21.7502
2.33359
-15.6274
-32.9716
-50.4675
-68.8172
-88.5899
-110.2
-133.894
-159.708
-187.417
-216.514
-246.223
-275.508
-303.153
-327.824
-348.201
-363.105
-371.629
-373.228
-367.804
-355.68
-337.578
-314.573
-287.951
-259.059
-229.221
-199.587
-171.099
-144.435
-119.962
-97.7679
-77.7174
-59.4812
-42.5469
-26.2894
-9.9292
7.32814
26.3138
47.8382
72.5605
100.942
133.094
168.734
207.13
247.069
286.907
324.705
358.369
385.851
405.407
415.728
416.097
406.494
387.624
360.797
327.761
290.551
251.237
211.754
173.739
138.418
106.518
78.3395
53.7804
32.4154
13.626
-3.32593
-19.2288
-34.8277
-50.783
-67.6749
-85.9425
-105.879
-127.616
-151.079
-175.942
-201.656
-227.432
-252.303
-275.174
-294.897
-310.388
-320.73
-325.275
-323.736
-316.173
-303.029
-285.075
-263.339
-238.953
-213.104
-186.899
-161.275
-136.981
-114.513
-94.1154
-75.7758
-59.3146
-44.3862
-30.502
-17.0573
-3.34393
11.3354
27.7121
46.438
68.016
92.6968
120.447
150.818
183.034
215.914
247.984
277.549
302.926
322.529
335.088
339.775
336.26
324.842
306.343
282.004
253.375
222.168
190.018
158.412
128.542
101.196
76.8198
55.516
37.0419
20.9795
6.78349
-6.22461
-18.6642
-31.1048
-44.0419
-57.8845
-72.9005
-89.2424
-106.88
-125.625
-145.147
-164.919
-184.26
-202.383
-218.471
-231.67
-241.259
-246.672
-247.594
-243.948
-235.906
-223.912
-208.647
-190.915
-171.598
-151.556
-131.575
-112.337
-94.356
-77.9249
-63.19
-50.1068
-38.5043
-28.0549
-18.3419
-8.86181
0.956
11.6681
23.8116
37.8807
54.1631
72.7192
93.3754
115.669
138.875
162.039
183.993
203.531
219.518
230.945
237.072
237.529
232.314
221.829
206.826
188.271
167.337
145.184
122.914
101.482
81.5906
63.6515
47.8551
34.1619
22.3287
11.986
2.71798
-5.91616
-14.3872
-23.0593
-32.2165
-42.0824
-52.7373
-64.1997
-76.4112
-89.1487
-102.075
-114.81
-126.873
-137.775
-147.036
-154.163
-158.743
-160.539
-159.433
-155.473
-148.854
-139.862
-128.972
-116.75
-103.728
-90.4617
-77.456
-65.1242
456.628
450.98
434.71
408.963
375.422
336.231
293.681
249.99
207.157
166.739
129.761
96.7948
67.9328
42.8608
21.0119
1.63349
-16.1385
-33.1481
-50.2024
-68.0589
-87.3289
-108.499
-131.884
-157.553
-185.328
-214.742
-244.984
-274.995
-303.506
-329.087
-350.348
-366.049
-375.206
-377.258
-372.094
-360.053
-341.914
-318.786
-291.99
-262.94
-232.977
-203.266
-174.737
-148.048
-123.541
-101.296
-81.1683
-62.7948
-45.6745
-29.1707
-12.5355
5.03193
24.3576
46.2461
71.365
100.17
132.814
169.017
208.034
248.668
289.268
327.845
362.273
390.459
410.612
421.399
422.047
412.545
393.597
366.508
333.064
295.313
255.367
215.205
176.504
140.501
107.962
79.2154
54.1877
32.4946
13.5364
-3.4158
-19.1364
-34.3795
-49.8621
-66.2108
-83.9489
-103.454
-124.908
-148.32
-173.438
-199.703
-226.314
-252.26
-276.329
-297.272
-313.902
-325.21
-330.51
-329.48
-322.206
-309.191
-291.268
-269.518
-245.154
-219.389
-193.33
-167.898
-143.792
-121.447
-101.058
-82.5975
-65.8456
-50.4593
-35.9633
-21.7798
-7.26467
8.26324
25.5096
45.0902
67.5019
93.0274
121.641
152.942
186.158
220.09
253.245
283.909
310.314
330.84
344.182
349.447
346.274
334.941
316.274
291.545
262.34
230.374
197.338
164.757
133.852
105.458
80.0476
57.7336
38.3578
21.5581
6.80345
-6.50332
-18.9594
-31.153
-43.6201
-56.8355
-71.1814
-86.9123
-104.128
-122.762
-142.528
-162.922
-183.257
-202.684
-220.237
-234.975
-246.037
-252.738
-254.689
-251.792
-244.267
-232.616
-217.59
-200.069
-180.994
-161.251
-141.614
-122.695
-104.93
-88.5636
-73.6557
-60.127
-47.7816
-36.3361
-25.407
-14.5715
-3.34868
8.77848
22.3005
37.6334
55.0696
74.7251
96.4587
119.869
144.238
168.621
191.881
212.724
229.946
242.484
249.551
250.69
245.859
235.429
220.154
201.06
179.325
156.164
132.717
109.978
88.6884
69.3176
52.0842
37.0005
23.9132
12.535
2.49871
-6.59224
-15.1364
-23.5207
-32.1076
-41.2053
-51.0611
-61.8306
-73.558
-86.1583
-99.4049
-112.915
-126.158
-138.546
-149.45
-158.243
-164.39
-167.536
-167.495
-164.32
-158.261
-149.698
-139.175
-127.319
-114.711
-101.893
-89.3298
-77.3635
437.136
431.818
416.849
393.249
362.524
326.546
287.336
246.873
206.91
168.833
133.578
101.659
73.1761
47.8937
25.3213
4.85136
-14.2309
-32.6585
-51.1053
-70.1678
-90.3408
-111.996
-135.363
-160.459
-187.083
-214.772
-242.835
-270.37
-296.297
-319.444
-338.635
-352.836
-361.239
-363.336
-358.995
-348.463
-332.35
-311.554
-287.156
-260.335
-232.269
-203.994
-176.371
-150.036
-125.388
-102.58
-81.5597
-62.0816
-43.7513
-26.064
-8.39944
9.91495
29.581
51.272
75.574
102.889
133.369
166.82
202.644
239.835
276.997
312.43
344.276
370.689
390.004
400.966
402.822
395.429
379.309
355.539
325.628
291.367
254.633
217.203
180.615
146.05
114.273
85.6728
60.2668
37.761
17.7207
-0.441125
-17.3992
-33.7712
-50.165
-67.1037
-85.018
-104.229
-124.914
-147.07
-170.461
-194.655
-219.001
-242.645
-264.628
-283.897
-299.432
-310.377
-316.066
-316.136
-310.569
-299.67
-284.083
-264.67
-242.409
-218.359
-193.549
-168.844
-144.951
-122.383
-101.414
-82.12
-64.415
-48.0485
-32.6478
-17.7693
-2.89609
12.5628
29.183
47.5065
68.0104
90.9921
116.521
144.384
174.004
204.478
234.572
262.837
287.736
307.762
321.632
328.416
327.631
319.341
304.128
283.01
257.32
228.543
198.23
167.79
138.386
110.861
85.7402
63.2413
43.3063
25.6837
9.99265
-4.24381
-17.5152
-30.2927
-43.0442
-56.1671
-69.9947
-84.7902
-100.691
-117.664
-135.534
-153.925
-172.303
-189.978
-206.187
-220.109
-230.969
-238.128
-241.118
-239.735
-234.032
-224.348
-211.227
-195.371
-177.579
-158.673
-139.458
-120.585
-102.541
-85.6823
-70.1778
-56.0562
-43.2185
-31.4196
-20.357
-9.67188
1.0426
12.2099
24.2751
37.6003
52.5133
69.2101
87.673
107.685
128.768
150.209
171.114
190.428
207.036
219.893
228.158
231.275
229.004
221.487
209.259
193.137
174.129
153.331
131.809
110.496
90.1754
71.3612
54.3355
39.2214
25.9033
14.1505
3.72833
-5.71883
-14.5041
-22.9417
-31.3146
-39.9089
-48.9504
-58.6135
-68.9922
-80.0619
-91.6866
-103.587
-115.418
-126.685
-136.847
-145.358
-151.707
-155.484
-156.436
-154.494
-149.73
-142.413
-132.972
-121.913
-109.791
-97.1392
-84.484
-72.2298
433.143
428.173
413.835
391.069
361.283
326.25
287.886
248.086
208.554
170.67
135.393
103.281
74.4982
48.8612
25.9461
5.16483
-14.1847
-32.8224
-51.441
-70.632
-90.8855
-112.556
-135.834
-160.697
-186.911
-214.012
-241.298
-267.912
-292.856
-315.045
-333.429
-347.066
-355.208
-357.401
-353.508
-343.717
-328.535
-308.747
-285.34
-259.4
-232.03
-204.249
-176.928
-150.756
-126.187
-103.437
-82.4794
-63.1063
-44.9197
-27.3811
-9.87224
8.28481
27.807
49.357
73.4777
100.538
130.649
163.593
198.801
235.309
271.785
306.623
338.085
364.413
384.03
395.694
398.633
392.642
378.101
355.947
327.557
294.588
258.796
221.915
185.488
150.74
118.513
89.2653
63.1137
39.8836
19.1623
0.390376
-17.0458
-33.7964
-50.4654
-67.5688
-85.524
-104.624
-125.014
-146.661
-169.343
-192.637
-215.918
-238.45
-259.373
-277.766
-292.739
-303.498
-309.436
-310.197
-305.696
-296.138
-281.98
-263.911
-242.82
-219.667
-195.415
-170.964
-147.065
-124.319
-103.116
-83.6364
-65.846
-49.5155
-34.294
-19.7192
-5.21959
9.7993
25.9401
43.7628
63.7109
86.0609
110.868
137.919
166.686
196.355
225.815
253.716
278.638
299.18
314.083
322.397
323.567
317.475
304.516
285.53
261.663
234.297
204.881
174.8
145.283
117.286
91.4531
68.0906
47.2655
28.7935
12.3218
-2.60043
-16.4704
-29.7715
-42.9642
-56.4329
-70.4687
-85.2719
-100.922
-117.374
-134.443
-151.789
-168.95
-185.363
-200.407
-213.408
-223.716
-230.767
-234.15
-233.625
-229.167
-220.949
-209.353
-194.927
-178.363
-160.394
-141.753
-123.119
-105.068
-88.0312
-72.2893
-57.9695
-45.0154
-33.2374
-22.3485
-11.9686
-1.67273
8.96313
20.4044
33.0545
47.1971
63.0117
80.529
99.5558
119.7
140.348
160.707
179.834
196.732
210.413
220.045
225.002
224.928
219.807
209.959
196.026
178.842
159.393
138.693
117.709
97.2654
77.9839
60.2858
44.3522
30.1806
17.638
6.45322
-3.68131
-13.0918
-22.1135
-31.0194
-40.0552
-49.3905
-59.135
-69.3267
-79.9177
-90.7775
-101.68
-112.335
-122.387
-131.454
-139.121
-145.002
-148.762
-150.155
-149.057
-145.462
-139.521
-131.473
-121.69
-110.623
-98.7554
-86.561
-74.4849
444.752
439.569
424.694
401.108
370.259
333.977
294.254
253.065
212.173
173.025
136.632
103.603
74.1344
48.0607
24.9412
4.17115
-14.9856
-33.3079
-51.5381
-70.3456
-90.2933
-111.804
-135.127
-160.292
-187.074
-214.993
-243.328
-271.139
-297.334
-320.733
-340.205
-354.72
-363.49
-366.02
-362.191
-352.236
-336.719
-316.493
-292.614
-266.225
-238.454
-210.364
-182.825
-156.496
-131.825
-108.996
-87.9476
-68.4651
-50.1313
-32.3749
-14.548
4.05906
24.1888
46.5369
71.6804
99.9943
131.579
166.191
203.18
241.498
279.731
316.175
349.001
376.384
396.695
408.663
411.526
405.105
389.826
366.681
337.108
302.837
265.691
227.483
189.8
153.914
120.71
90.6832
63.9708
40.4075
19.5642
0.8538
-16.387
-32.8449
-49.1925
-66.0237
-83.8323
-102.971
-123.649
-145.865
-169.427
-193.87
-218.521
-242.569
-265.049
-284.915
-301.171
-312.949
-319.603
-320.771
-316.369
-306.669
-292.241
-273.886
-252.531
-229.196
-204.865
-180.427
-156.617
-133.947
-112.755
-93.1646
-75.122
-58.3708
-42.555
-27.215
-11.7923
4.31325
21.7061
40.9339
62.4677
86.5921
113.357
142.49
173.4
205.169
236.597
266.243
292.564
314.102
329.582
338.033
338.929
332.221
318.384
298.311
273.238
244.594
213.885
182.559
151.833
122.68
95.7792
71.4953
49.9119
30.8704
14.0347
-1.04729
-14.8981
-28.0501
-41.0148
-54.2623
-68.198
-83.118
-99.1721
-116.368
-134.53
-153.301
-172.142
-190.389
-207.256
-221.969
-233.778
-242.027
-246.268
-246.282
-242.08
-233.914
-222.274
-207.787
-191.201
-173.274
-154.742
-136.249
-118.313
-101.293
-85.4029
-70.7262
-57.1765
-44.5803
-32.6274
-20.9639
-9.20871
3.08649
16.355
30.986
47.2908
65.4202
85.348
106.853
129.452
152.424
174.871
195.782
214.074
228.697
238.806
243.803
243.397
237.62
226.86
211.821
193.421
172.696
150.673
128.359
106.601
86.0534
67.1463
50.0917
34.9492
21.5864
9.77141
-0.795754
-10.466
-19.5801
-28.4918
-37.5199
-46.9077
-56.865
-67.5174
-78.8825
-90.8388
-103.156
-115.463
-127.317
-138.191
-147.535
-154.874
-159.794
-162.022
-161.436
-158.107
-152.251
-144.24
-134.517
-123.581
-111.924
-100.009
-88.2241
447.547
442.204
426.827
402.376
370.388
332.753
291.591
248.964
206.766
166.562
129.43
96.0934
66.7468
41.2611
19.1314
-0.290695
-17.8497
-34.4125
-50.8653
-68.0067
-86.499
-106.856
-129.41
-154.216
-181.034
-209.378
-238.461
-267.266
-294.577
-319.118
-339.604
-354.94
-364.214
-366.879
-362.743
-352.054
-335.432
-313.778
-288.264
-260.17
-230.795
-201.312
-172.758
-145.869
-121.171
-98.8402
-78.813
-60.7588
-44.1588
-28.3408
-12.5059
4.19934
22.629
43.5434
67.6096
95.2122
126.48
161.117
198.464
237.409
276.477
313.892
347.738
376.09
397.239
409.838
413.034
406.613
390.974
367.137
336.548
301.034
262.531
222.949
183.991
147.073
113.176
82.8605
56.3176
33.3533
13.5275
-3.83721
-19.4818
-34.236
-48.8675
-64.1053
-80.5293
-98.596
-118.551
-140.426
-164.005
-188.797
-214.11
-239.019
-262.479
-283.344
-300.516
-313.015
-320.119
-321.346
-316.597
-306.117
-290.488
-270.556
-247.374
-222.083
-195.837
-169.697
-144.54
-121.016
-99.5191
-80.2269
-63.0362
-47.6505
-33.5888
-20.2598
-6.96645
7.00758
22.396
39.8471
59.8915
82.8476
108.776
137.433
168.192
200.126
231.973
262.248
289.341
311.701
327.918
336.96
338.195
331.499
317.319
296.56
270.499
240.639
208.64
176.034
144.222
114.301
87.0303
62.8141
41.7547
23.6445
8.07225
-5.49652
-17.7132
-29.2202
-40.6317
-52.5192
-65.3534
-79.4253
-94.9489
-111.912
-130.122
-149.191
-168.556
-187.477
-205.127
-220.623
-233.131
-241.921
-246.451
-246.403
-241.717
-232.646
-219.671
-203.461
-184.866
-164.782
-144.103
-123.658
-104.121
-85.9738
-69.5456
-54.948
-42.0883
-30.7091
-20.4691
-10.8853
-1.42195
8.49077
19.3991
31.8034
46.0673
62.4205
80.897
101.27
123.095
145.654
168.028
189.14
207.847
223.03
233.752
239.286
239.228
233.549
222.605
207.081
187.933
166.265
143.24
119.982
97.4746
76.4862
57.5097
40.8175
26.4271
14.1794
3.73448
-5.31
-13.424
-21.0481
-28.6366
-36.5547
-45.0972
-54.4808
-64.7984
-76.0531
-88.0842
-100.625
-113.303
-125.633
-137.044
-146.942
-154.781
-160.087
-162.515
-161.847
-158.078
-151.392
-142.14
-130.785
-117.915
-104.145
-90.0988
-76.3268
