39.7564
39.1755
37.5266
34.9426
31.6109
27.7637
23.6461
19.5006
15.5396
11.9274
8.77254
6.13294
4.00915
2.35914
1.10396
0.143745
-0.636248
-1.35742
-2.13069
-3.06025
-4.22827
-5.69357
-7.48678
-9.60944
-12.028
-14.6732
-17.4431
-20.2065
-22.8155
-25.1111
-26.9476
-28.1919
-28.7524
-28.5849
-27.6958
-26.1406
-24.0194
-21.4724
-18.6531
-15.727
-12.8501
-10.1538
-7.7452
-5.69435
-4.03666
-2.76877
-1.85872
-1.24243
-0.836937
-0.546786
-0.266061
0.112185
0.685034
1.53593
2.73037
4.29807
6.23323
8.49625
11.0052
13.6444
16.2757
18.7405
20.8813
22.5593
23.6622
24.1166
23.898
23.0294
21.585
19.6723
17.4237
14.9869
12.5042
10.1022
7.88514
5.9241
4.25863
2.89713
1.81971
0.986099
0.34195
-0.178071
-0.641064
-1.11283
-1.64994
-2.30304
-3.10743
-4.08271
-5.23289
-6.5435
-7.98235
-9.49946
-11.0258
-12.4801
-13.7804
-14.8418
-15.5915
-15.9738
-15.9604
-15.5474
-14.7592
-13.6453
-12.2786
-10.7445
-9.13364
-7.53214
-6.01793
-4.65468
-3.48552
-2.53268
-1.798
-1.26761
-0.909305
-0.677368
-0.519601
-0.377607
-0.191672
0.0946759
0.531397
1.15698
1.99344
3.04554
4.29643
5.70636
7.21498
8.74755
10.2174
11.5338
12.6107
13.3772
13.7827
13.8022
13.4387
12.7237
11.7101
10.4716
9.08951
7.64892
6.22999
4.89901
3.70502
2.67999
1.83683
1.16921
0.65775
0.270616
-0.0306329
-0.289999
-0.55106
-0.855359
-1.23882
-1.73077
-2.35019
-3.10413
-3.98904
-4.98682
-6.06701
-7.18548
-8.2884
-9.31595
-10.2067
-10.9037
-11.3586
-11.5395
-11.4309
-11.0385
-10.3876
-9.52065
-8.49353
-7.36943
-6.21413
-5.08914
-4.04714
-3.12924
-2.36187
-1.75461
-1.30243
-0.986827
-0.776447
-0.630666
-0.502297
-0.340185
-0.0932323
0.284651
0.83315
1.58043
2.53866
3.70081
5.03791
6.50263
8.02821
9.53404
37.8788
37.0154
35.0685
32.1667
28.5125
24.351
19.9516
15.6029
11.5477
7.96934
5.00556
2.72417
1.12083
0.130548
-0.361763
-0.492067
-0.429328
-0.347404
-0.407896
-0.737902
-1.44473
-2.59762
-4.24102
-6.35474
-8.88092
-11.7233
-14.7613
-17.8342
-20.7584
-23.3608
-25.4805
-26.9799
-27.7582
-27.764
-27.017
-25.5855
-23.5649
-21.1031
-18.3709
-15.5437
-12.7716
-10.1902
-7.90737
-5.98363
-4.44582
-3.27243
-2.41873
-1.82349
-1.40427
-1.05645
-0.691596
-0.212778
0.448143
1.37372
2.60862
4.16765
6.04872
8.22042
10.6125
13.1228
15.617
17.9451
19.9603
21.5174
22.5042
22.8355
22.4815
21.455
19.8225
17.6971
15.2206
12.559
9.88429
7.34913
5.08253
3.17992
1.69308
0.635324
-0.0147011
-0.330188
-0.392594
-0.300168
-0.153313
-0.0541558
-0.0949703
-0.349281
-0.859348
-1.66121
-2.75518
-4.10449
-5.66975
-7.37563
-9.12862
-10.8364
-12.3908
-13.6963
-14.6704
-15.2498
-15.3997
-15.1137
-14.4263
-13.3897
-12.0834
-10.5971
-9.027
-7.46138
-5.9896
-4.67219
-3.54669
-2.6392
-1.93836
-1.42688
-1.06949
-0.818793
-0.621269
-0.419169
-0.17443
0.163868
0.634965
1.26913
2.08677
3.09256
4.27072
5.5932
7.01189
8.45819
9.85171
11.1062
12.1388
12.8742
13.2562
13.2498
12.8477
12.0744
10.9808
9.64241
8.14539
6.59163
5.07718
3.68189
2.46867
1.47701
0.728148
0.216367
-0.0879128
-0.228213
-0.257981
-0.234679
-0.22018
-0.269696
-0.431961
-0.743355
-1.22901
-1.89875
-2.74549
-3.75099
-4.87534
-6.07296
-7.27944
-8.42917
-9.45282
-10.2851
-10.8737
-11.18
-11.1825
-10.8837
-10.3093
-9.50208
-8.51685
-7.41996
-6.27783
-5.15434
-4.10689
-3.17661
-2.39003
-1.75936
-1.27847
-0.930469
-0.684792
-0.506179
-0.35088
-0.177028
0.0649307
0.41585
0.91154
1.58094
2.44153
3.49189
4.7141
6.07263
7.51136
8.95697
35.8179
35.0188
33.3153
30.8226
27.7122
24.1678
20.4064
16.6369
13.0452
9.77776
6.9237
4.5332
2.62828
1.161
0.0593081
-0.783525
-1.47099
-2.10642
-2.78942
-3.60838
-4.62099
-5.88121
-7.41118
-9.18572
-11.1774
-13.3168
-15.5309
-17.7234
-19.7888
-21.602
-23.0641
-24.093
-24.6191
-24.6031
-24.0245
-22.9178
-21.3381
-19.3841
-17.1616
-14.7879
-12.3842
-10.0696
-7.93973
-6.06301
-4.48515
-3.21801
-2.2566
-1.54934
-1.03478
-0.626067
-0.225381
0.259212
0.9212
1.82135
3.01979
4.52991
6.32532
8.35867
10.5482
12.8014
14.9905
16.993
18.6928
19.981
20.7821
21.0457
20.76
19.9379
18.6414
16.9561
14.986
12.8452
10.6527
8.52333
6.54263
4.78188
3.27754
2.05663
1.09285
0.359659
-0.1952
-0.634938
-1.01299
-1.38747
-1.81263
-2.32765
-2.96383
-3.73757
-4.6509
-5.68598
-6.81651
-8.00105
-9.19777
-10.3477
-11.3905
-12.2636
-12.9177
-13.3195
-13.4335
-13.2477
-12.7633
-12.0078
-11.0234
-9.86482
-8.59176
-7.27425
-5.97748
-4.7594
-3.66757
-2.73154
-1.96681
-1.37326
-0.938323
-0.627391
-0.39346
-0.188478
0.0440058
0.355315
0.789687
1.38437
2.15018
3.09494
4.19644
5.41802
6.70747
8.00387
9.23657
10.3351
11.2342
11.8774
12.2221
12.2497
11.956
11.359
10.5024
9.43609
8.22914
6.95012
5.66673
4.4456
3.33163
2.36174
1.55027
0.904848
0.404225
0.0267697
-0.2656
-0.512716
-0.751727
-1.01842
-1.3441
-1.75294
-2.2633
-2.87961
-3.59924
-4.40864
-5.28585
-6.19898
-7.1117
-7.98232
-8.76369
-9.41165
-9.88849
-10.1632
-10.213
-10.0316
-9.62456
-9.01497
-8.23758
-7.33532
-6.35912
-5.36157
-4.39171
-3.49235
-2.69381
-2.01799
-1.47084
-1.04887
-0.73326
-0.492241
-0.290038
-0.0813071
0.177194
0.531292
1.01499
1.65818
2.47251
3.45897
4.5997
5.86004
7.18979
8.52493
39.3563
38.8224
37.2972
34.8987
31.8026
28.2181
24.3693
20.4741
16.7223
13.26
10.1797
7.52909
5.30691
3.47422
1.96351
0.687926
-0.44646
-1.53357
-2.66017
-3.90271
-5.32208
-6.96154
-8.84242
-10.9627
-13.2907
-15.7745
-18.3303
-20.852
-23.2154
-25.2901
-26.9507
-28.0897
-28.6282
-28.5195
-27.7692
-26.423
-24.5638
-22.3072
-19.7837
-17.1303
-14.4801
-11.9468
-9.62169
-7.56647
-5.81661
-4.37666
-3.22941
-2.33127
-1.62174
-1.02858
-0.469524
0.139746
0.883953
1.83846
3.0643
4.5958
6.44011
8.57134
10.9267
13.4111
15.9022
18.2607
20.3435
22.0181
23.1743
23.737
23.6725
22.9974
21.7661
20.0726
18.0348
15.7822
13.4492
11.1551
8.99745
7.04375
5.33308
3.87781
2.66561
1.66489
0.830654
0.109654
-0.552821
-1.20726
-1.89946
-2.66826
-3.54123
-4.53657
-5.65819
-6.89689
-8.22976
-9.61801
-11.0114
-12.3461
-13.5551
-14.5687
-15.322
-15.766
-15.865
-15.6096
-15.0114
-14.1056
-12.946
-11.6004
-10.1437
-8.65129
-7.19385
-5.82803
-4.59947
-3.53581
-2.64933
-1.93692
-1.38111
-0.951739
-0.61126
-0.314507
-0.0133584
0.340612
0.793613
1.38341
2.13723
3.06823
4.17369
5.43043
6.7969
8.21368
9.60841
10.9015
12.0138
12.8732
13.4227
13.6263
13.4715
12.9728
12.1693
11.1181
9.88898
8.55789
7.19988
5.88176
4.6559
3.55823
2.60739
1.80723
1.14704
0.605001
0.15162
-0.246959
-0.624544
-1.01468
-1.44668
-1.94652
-2.5332
-3.21829
-4.00465
-4.88397
-5.83853
-6.83946
-7.84737
-8.81505
-9.69139
-10.4237
-10.9681
-11.2877
-11.3588
-11.1741
-10.744
-10.0942
-9.26454
-8.30326
-7.26344
-6.19879
-5.15789
-4.18183
-3.30112
-2.53578
-1.89359
-1.37115
-0.953873
-0.618463
-0.333899
-0.0632848
0.2345
0.60064
1.07492
1.69224
2.47493
3.43406
4.56318
5.83782
7.21316
8.62831
37.3123
36.5121
34.7349
32.0977
28.7693
24.9718
20.946
16.9373
13.1597
9.77277
6.88832
4.56548
2.80884
1.5557
0.718008
0.176208
-0.210536
-0.576383
-1.04655
-1.73517
-2.72203
-4.07272
-5.80962
-7.90855
-10.3224
-12.9735
-15.751
-18.5247
-21.1424
-23.4544
-25.3311
-26.6531
-27.349
-27.3736
-26.7331
-25.4841
-23.7097
-21.5339
-19.0985
-16.5374
-13.9959
-11.5893
-9.40172
-7.48672
-5.8663
-4.53191
-3.45117
-2.57403
-1.82132
-1.14026
-0.445721
0.320742
1.22027
2.31355
3.63659
5.20818
7.02268
9.05623
11.2584
13.5419
15.8014
17.9097
19.7399
21.1687
22.086
22.4203
22.1374
21.2447
19.8006
17.9012
15.6641
13.2353
10.7674
8.40206
6.25943
4.40722
2.90218
1.75955
0.944808
0.429423
0.129918
-0.0381345
-0.156937
-0.307966
-0.570608
-0.998619
-1.63108
-2.49405
-3.58182
-4.86763
-6.31282
-7.85955
-9.43181
-10.9523
-12.3384
-13.5109
-14.4
-14.9551
-15.1405
-14.9505
-14.4086
-13.5511
-12.4411
-11.1508
-9.75976
-8.34667
-6.98437
-5.72561
-4.6072
-3.64979
-2.85296
-2.20183
-1.67804
-1.23064
-0.834078
-0.449594
-0.0399477
0.430184
0.992267
1.67139
2.48402
3.43546
4.52733
5.73491
7.02398
8.34079
9.62095
10.7908
11.777
12.5097
12.934
13.0126
12.7334
12.1108
11.1877
10.0235
8.69318
7.28149
5.87537
4.55016
3.36147
2.34944
1.53469
0.918502
0.477905
0.179504
-0.0191513
-0.164293
-0.302448
-0.485496
-0.753179
-1.13296
-1.64953
-2.31335
-3.11827
-4.04815
-5.07893
-6.16351
-7.25722
-8.30664
-9.25065
-10.038
-10.6237
-10.9718
-11.0601
-10.8862
-10.4666
-9.82942
-9.01835
-8.08363
-7.07909
-6.0602
-5.07339
-4.15593
-3.33378
-2.62083
-2.01779
-1.51648
-1.0968
-0.735782
-0.409678
-0.082339
0.278723
0.708413
1.23872
1.89623
2.70118
3.66063
4.7682
6.00103
7.31789
8.66071
34.8641
34.1976
32.7292
30.5457
27.7859
24.6155
21.2266
17.8007
14.4765
11.3818
8.59359
6.1642
4.08438
2.32297
0.824024
-0.474487
-1.6416
-2.75595
-3.86756
-5.03518
-6.29699
-7.67802
-9.19151
-10.8294
-12.5715
-14.393
-16.2443
-18.0483
-19.7259
-21.2015
-22.4034
-23.2527
-23.6895
-23.6779
-23.2004
-22.2761
-20.949
-19.2841
-17.3656
-15.2926
-13.1637
-11.0672
-9.08019
-7.26291
-5.65011
-4.26443
-3.10237
-2.13448
-1.3107
-0.575833
0.138353
0.903271
1.77293
2.81014
4.04913
5.49909
7.153
8.98106
10.9247
12.9092
14.8448
16.6299
18.1676
19.3661
20.1514
20.4744
20.3116
19.6746
18.6013
17.1577
15.4317
13.5158
11.5208
9.53258
7.63436
5.8901
4.33432
2.98639
1.83938
0.873387
0.0493449
-0.669275
-1.3223
-1.94815
-2.57867
-3.2424
-3.96037
-4.74078
-5.58224
-6.48163
-7.42569
-8.3941
-9.35951
-10.2807
-11.1149
-11.8266
-12.3805
-12.7354
-12.8645
-12.7507
-12.3932
-11.8061
-11.0129
-10.0554
-8.97881
-7.83547
-6.6795
-5.5576
-4.50401
-3.55302
-2.71827
-2.00668
-1.40811
-0.902934
-0.466
-0.0592952
0.350406
0.800798
1.31716
1.93284
2.66408
3.51431
4.47657
5.53002
6.64643
7.77694
8.87425
9.87981
10.7355
11.3887
11.7974
11.9336
11.7861
11.3627
10.6891
9.8054
8.76473
7.62726
6.45328
5.29818
4.2021
3.20121
2.31429
1.54757
0.894149
0.337645
-0.145128
-0.577342
-0.985131
-1.39392
-1.82235
-2.28801
-2.8068
-3.38475
-4.02118
-4.71493
-5.45614
-6.22828
-7.00712
-7.7588
-8.44747
-9.04175
-9.50741
-9.81147
-9.9313
-9.85573
-9.58293
-9.12514
-8.50744
-7.76054
-6.92305
-6.03724
-5.14205
-4.27305
-3.45992
-2.72407
-2.07544
-1.51721
-1.04135
-0.631127
-0.263926
0.0897232
0.461502
0.882267
1.38675
1.99832
2.73622
3.60812
4.60706
5.71456
6.89626
8.10593
37.5234
37.0569
35.7336
33.6541
30.9642
27.8389
24.4663
21.0256
17.6708
14.5173
11.6415
9.07743
6.82142
4.84192
3.08664
1.49237
-0.00541533
-1.46859
-2.95119
-4.49705
-6.14392
-7.91023
-9.80801
-11.8327
-13.9631
-16.1628
-18.3768
-20.5305
-22.5319
-24.289
-25.7055
-26.6979
-27.2019
-27.1822
-26.6344
-25.5863
-24.0976
-22.2532
-20.1551
-17.9074
-15.6094
-13.3528
-11.2132
-9.23974
-7.46706
-5.90568
-4.54675
-3.36765
-2.33254
-1.39651
-0.502843
0.406946
1.38958
2.50203
3.79247
5.29292
7.01568
8.94605
11.0401
13.2307
15.4255
17.5119
19.3734
20.8983
21.9903
22.5799
22.6323
22.1507
21.1763
19.7823
18.0643
16.1304
14.0917
12.0492
10.0819
8.25043
6.59014
5.11194
3.80939
2.65938
1.63106
0.689665
-0.20023
-1.07139
-1.95096
-2.86152
-3.81877
-4.83297
-5.90844
-7.04212
-8.222
-9.42487
-10.619
-11.7645
-12.8109
-13.7071
-14.4018
-14.8513
-15.0272
-14.9146
-14.516
-13.8516
-12.959
-11.886
-10.688
-9.42286
-8.14489
-6.90186
-5.73164
-4.66179
-3.70875
-2.87715
-2.16104
-1.54435
-1.00463
-0.513539
-0.0372927
0.458411
1.00667
1.63961
2.38419
3.25543
4.25578
5.3727
6.57907
7.8325
9.07732
10.2503
11.2848
12.1196
12.7009
12.9917
12.9748
12.6551
12.0578
11.224
10.2083
9.07328
7.88331
6.69367
5.55116
4.49026
3.53082
2.67962
1.93069
1.27007
0.677844
0.130974
-0.393846
-0.918349
-1.46161
-2.03951
-2.66438
-3.34383
-4.08075
-4.87269
-5.70916
-6.57274
-7.43972
-8.27748
-9.05064
-9.72064
-10.2514
-10.6102
-10.7736
-10.7293
-10.4781
-10.0328
-9.41796
-8.66731
-7.82001
-6.91704
-5.99701
-5.09561
-4.24039
-3.45087
-2.73868
-2.10587
-1.54777
-1.05244
-0.602432
-0.174695
0.256234
0.719372
1.24433
1.85801
2.58389
3.43519
4.41588
5.51509
6.70639
7.94916
36.104
35.4252
33.8968
31.6164
28.7261
25.3971
21.8193
18.1797
14.6528
11.4022
8.5251
6.06934
4.05569
2.46298
1.23987
0.297464
-0.464733
-1.16124
-1.89325
-2.74755
-3.80624
-5.1251
-6.72523
-8.608
-10.739
-13.0495
-15.4556
-17.8457
-20.1049
-22.1269
-23.7982
-25.0247
-25.7442
-25.9187
-25.5468
-24.653
-23.2964
-21.562
-19.5488
-17.3566
-15.0909
-12.856
-10.7341
-8.78367
-7.04406
-5.5265
-4.21578
-3.08679
-2.09281
-1.18561
-0.295767
0.640275
1.67489
2.85135
4.19798
5.73506
7.4628
9.35538
11.3721
13.4448
15.4918
17.4164
19.1035
20.4569
21.3812
21.8078
21.7052
21.0681
19.9313
18.3687
16.4692
14.3464
12.1151
9.88913
7.77598
5.86336
4.20556
2.82667
1.73162
0.89579
0.28018
-0.173605
-0.531634
-0.860535
-1.22168
-1.66957
-2.25002
-2.98942
-3.89504
-4.96627
-6.17568
-7.47734
-8.81914
-10.1416
-11.3772
-12.466
-13.3429
-13.9584
-14.2837
-14.304
-14.0209
-13.4498
-12.6311
-11.6157
-10.4554
-9.21939
-7.96303
-6.73511
-5.58159
-4.53281
-3.60718
-2.80219
-2.10857
-1.50553
-0.968165
-0.466227
0.0356448
0.570168
1.16401
1.84466
2.62936
3.5239
4.52375
5.61987
6.78234
7.97339
9.14508
10.2304
11.1744
11.9164
12.4045
12.6049
12.4947
12.0783
11.3819
10.4446
9.32337
8.08404
6.79231
5.51756
4.31943
3.23881
2.30106
1.51868
0.891591
0.40303
0.0233398
-0.281819
-0.551194
-0.821921
-1.1273
-1.49961
-1.96222
-2.52669
-3.19945
-3.9722
-4.82828
-5.73697
-6.6654
-7.57588
-8.42284
-9.16495
-9.76179
-10.1782
-10.3946
-10.4007
-10.1939
-9.787
-9.20574
-8.48242
-7.65631
-6.77071
-5.86507
-4.97413
-4.13046
-3.35545
-2.65856
-2.04497
-1.50419
-1.02131
-0.578058
-0.151498
0.291079
0.775416
1.32724
1.9714
2.72391
3.59402
4.583
5.67354
6.83922
8.04232
33.6705
33.096
31.7884
29.8357
27.3478
24.4628
21.337
18.1162
14.9229
11.8684
9.02634
6.43613
4.11612
2.07709
0.273584
-1.31698
-2.73465
-4.03618
-5.26115
-6.45545
-7.65624
-8.89159
-10.1897
-11.5666
-13.0138
-14.5141
-16.0265
-17.5011
-18.8775
-20.0722
-21.0091
-21.6345
-21.8974
-21.7693
-21.2537
-20.3666
-19.1611
-17.6969
-16.0506
-14.296
-12.5095
-10.7628
-9.108
-7.57431
-6.1823
-4.93165
-3.80843
-2.79869
-1.86579
-0.97371
-0.0804779
0.85627
1.86255
2.97892
4.22427
5.62051
7.1682
8.84714
10.6155
12.4197
14.1892
15.8389
17.2779
18.4228
19.2052
19.5735
19.504
19.0012
18.0959
16.8451
15.3135
13.5828
11.7475
9.87787
8.03841
6.2843
4.65312
3.16732
1.83932
0.665893
-0.36843
-1.27715
-2.08706
-2.8242
-3.50868
-4.16391
-4.81135
-5.46825
-6.14373
-6.85029
-7.58003
-8.32563
-9.07138
-9.79315
-10.4543
-11.019
-11.4494
-11.7128
-11.792
-11.6666
-11.3399
-10.8223
-10.138
-9.32403
-8.42092
-7.46765
-6.50458
-5.56979
-4.68611
-3.87379
-3.1387
-2.4789
-1.88549
-1.34729
-0.842755
-0.3567
0.137337
0.657016
1.22536
1.85859
2.56853
3.36462
4.24611
5.20514
6.22041
7.25872
8.28095
9.23691
10.0728
10.7385
11.1929
11.406
11.3598
11.0611
10.5224
9.77894
8.87489
7.85555
6.77438
5.6786
4.60751
3.59176
2.65294
1.80169
1.04237
0.369711
-0.228778
-0.76652
-1.25909
-1.72246
-2.17347
-2.6283
-3.0992
-3.59572
-4.12842
-4.70158
-5.3112
-5.9461
-6.59063
-7.22389
-7.81615
-8.33416
-8.74713
-9.03076
-9.1641
-9.13283
-8.93435
-8.57917
-8.08855
-7.48471
-6.79983
-6.06478
-5.31242
-4.57253
-3.86683
-3.20869
-2.60698
-2.06036
-1.56505
-1.10955
-0.678795
-0.25515
0.184839
0.661892
1.1983
1.81185
2.52057
3.33343
4.25207
5.2656
6.35024
7.47034
36.7506
36.1171
34.7112
32.6405
30.0394
27.0664
23.8774
20.6181
17.4313
14.413
11.6306
9.1156
6.87046
4.87598
3.09571
1.47907
-0.0354152
-1.50287
-2.97477
-4.50064
-6.11714
-7.83927
-9.69248
-11.6808
-13.7577
-15.8812
-17.9993
-20.0236
-21.8788
-23.4691
-24.7141
-25.5394
-25.9027
-25.7806
-25.1875
-24.1622
-22.7667
-21.0785
-19.1879
-17.1856
-15.1599
-13.1894
-11.3204
-9.58869
-8.01681
-6.61575
-5.3719
-4.26142
-3.24401
-2.27566
-1.30386
-0.27022
0.872258
2.17165
3.66182
5.3557
7.24241
9.29918
11.4609
13.6586
15.7969
17.7691
19.4753
20.8203
21.7308
22.1571
22.0839
21.5252
20.5243
19.1545
17.5038
15.661
13.7232
11.7756
9.88287
8.104
6.47503
5.00352
3.69564
2.54062
1.51193
0.581329
-0.288524
-1.13239
-1.97626
-2.84763
-3.76821
-4.7609
-5.82751
-6.95944
-8.14579
-9.34464
-10.523
-11.6396
-12.6275
-13.4541
-14.0707
-14.4407
-14.5451
-14.38
-13.9576
-13.3076
-12.4606
-11.466
-10.3759
-9.23979
-8.10471
-7.01162
-5.99029
-5.05698
-4.21679
-3.47852
-2.82743
-2.24866
-1.71552
-1.19707
-0.667528
-0.0908446
0.563477
1.31723
2.18798
3.17578
4.27683
5.47305
6.72632
7.99044
9.21535
10.3436
11.3135
12.0725
12.5793
12.8098
12.7516
12.4092
11.8094
10.996
10.0183
8.92851
7.77983
6.62606
5.50979
4.46669
3.51264
2.65586
1.89679
1.22648
0.629483
0.0816506
-0.436541
-0.948643
-1.47548
-2.03276
-2.63628
-3.29747
-4.01839
-4.7959
-5.62017
-6.46684
-7.31187
-8.1234
-8.86427
-9.49859
-9.99336
-10.3182
-10.4531
-10.3923
-10.1419
-9.71746
-9.14248
-8.4504
-7.67534
-6.85475
-6.02439
-5.21374
-4.44536
-3.73457
-3.09032
-2.51193
-1.99398
-1.52087
-1.0727
-0.629264
-0.163365
0.351617
0.940483
1.62834
2.42859
3.34789
4.38431
5.52077
6.72725
7.96226
37.0167
36.4317
34.9855
32.772
29.9256
26.612
23.022
19.3413
15.7399
12.3532
9.27967
6.58758
4.30786
2.42742
0.903836
-0.329402
-1.34293
-2.22322
-3.06128
-3.95059
-4.96515
-6.1618
-7.5833
-9.2548
-11.1599
-13.2561
-15.4846
-17.7446
-19.9324
-21.9342
-23.6354
-24.9448
-25.7847
-26.1058
-25.8991
-25.1834
-24.0164
-22.4642
-20.6125
-18.5573
-16.3979
-14.2218
-12.1024
-10.1029
-8.26559
-6.60978
-5.1411
-3.84453
-2.69799
-1.65704
-0.666628
0.331921
1.38997
2.57669
3.92908
5.47238
7.22886
9.17274
11.2649
13.4365
15.588
17.6161
19.4101
20.8674
21.8918
22.4093
22.386
21.8208
20.7496
19.2429
17.3889
15.2964
13.0794
10.8421
8.68168
6.67948
4.88788
3.34073
2.04944
1.00418
0.177864
-0.467209
-0.98162
-1.4169
-1.83194
-2.27812
-2.80386
-3.44821
-4.23047
-5.16315
-6.23437
-7.41911
-8.67316
-9.93718
-11.1464
-12.2384
-13.1489
-13.8269
-14.2329
-14.3466
-14.1671
-13.7096
-13.0093
-12.1077
-11.0534
-9.89657
-8.69188
-7.48654
-6.32112
-5.22756
-4.22646
-3.32707
-2.53228
-1.83368
-1.21301
-0.645128
-0.0995145
0.458587
1.06352
1.74299
2.52601
3.42143
4.43331
5.55718
6.76191
8.00156
9.22604
10.3744
11.3821
12.1894
12.7435
13.0041
12.9527
12.5918
11.9457
11.0537
9.96788
8.75233
7.47069
6.18618
4.9516
3.80774
2.78527
1.90106
1.15739
0.544348
0.043942
-0.3673
-0.719087
-1.04342
-1.37243
-1.73822
-2.16574
-2.67328
-3.27283
-3.96889
-4.75309
-5.6032
-6.49144
-7.37751
-8.21945
-8.97363
-9.59602
-10.0536
-10.3209
-10.3825
-10.2368
-9.89709
-9.38799
-8.73768
-7.98171
-7.157
-6.30132
-5.44714
-4.62096
-3.84239
-3.12495
-2.4742
-1.88729
-1.35669
-0.866078
-0.395881
0.0784547
0.584827
1.15281
1.80676
2.56868
3.45178
4.45566
5.57061
6.76885
8.00874
35.4669
34.743
33.2232
31.0197
28.2847
25.1851
21.8837
18.5291
15.2422
12.1293
9.23605
6.59104
4.20355
2.03561
0.0706188
-1.71585
-3.35919
-4.87303
-6.28875
-7.64143
-8.9618
-10.2858
-11.6282
-13.0107
-14.4443
-15.9246
-17.4195
-18.8817
-20.2444
-21.4251
-22.3409
-22.9096
-23.0821
-22.8106
-22.1053
-21.0028
-19.5528
-17.8418
-15.9694
-14.0334
-12.119
-10.3003
-8.62904
-7.12205
-5.78868
-4.61544
-3.57135
-2.62649
-1.74215
-0.876107
0.00827341
0.94356
1.97074
3.13155
4.44396
5.93526
7.60377
9.42561
11.3686
13.3645
15.3269
17.1489
18.7275
19.9626
20.7688
21.0915
20.9058
20.2302
19.1113
17.633
15.8874
13.9744
11.9899
10.0094
8.09927
6.29913
4.64071
3.1162
1.74049
0.502793
-0.617719
-1.64384
-2.57255
-3.41747
-4.19573
-4.93031
-5.63813
-6.33732
-7.03946
-7.76295
-8.50575
-9.26717
-10.0278
-10.759
-11.4253
-11.9794
-12.378
-12.5758
-12.5492
-12.2889
-11.8006
-11.1067
-10.2405
-9.24722
-8.18877
-7.11764
-6.07246
-5.09613
-4.20935
-3.42268
-2.73882
-2.14469
-1.6217
-1.14788
-0.697645
-0.247592
0.221217
0.730574
1.30844
1.97219
2.73113
3.60061
4.57551
5.63793
6.76779
7.9239
9.05361
10.0963
10.9921
11.6798
12.1159
12.2724
12.1329
11.7098
11.0346
10.153
9.12073
7.9976
6.83608
5.68316
4.57756
3.54082
2.58972
1.72817
0.950119
0.248573
-0.3891
-0.973015
-1.51514
-2.02778
-2.52324
-3.01723
-3.52444
-4.05495
-4.61678
-5.21409
-5.84521
-6.50074
-7.16054
-7.80032
-8.38861
-8.89029
-9.2707
-9.49995
-9.55564
-9.4299
-9.12986
-8.672
-8.07958
-7.38764
-6.63747
-5.86519
-5.10336
-4.37645
-3.7014
-3.08738
-2.53605
-2.03823
-1.58162
-1.1536
-0.733932
-0.300191
0.164935
0.681303
1.27211
1.95326
2.74002
3.64059
4.65121
5.75638
6.92968
8.1306
37.4176
36.6112
35.0122
32.7405
29.9359
26.765
23.4099
20.0302
16.7582
13.703
10.9295
8.47834
6.35105
4.51365
2.92023
1.49174
0.166939
-1.13023
-2.46445
-3.90085
-5.49686
-7.2719
-9.24243
-11.3817
-13.6469
-15.9516
-18.2075
-20.3064
-22.1548
-23.6518
-24.735
-25.3504
-25.4882
-25.1534
-24.3924
-23.2674
-21.8474
-20.2188
-18.4584
-16.6399
-14.8273
-13.0792
-11.4287
-9.91002
-8.53297
-7.27899
-6.13718
-5.085
-4.0699
-3.05268
-1.98968
-0.816333
0.508346
2.01974
3.73472
5.66235
7.7737
10.0248
12.3399
14.6309
16.8105
18.7719
20.4092
21.6343
22.3925
22.638
22.3701
21.6152
20.4363
18.9124
17.1313
15.1937
13.1954
11.2242
9.34974
7.62154
6.06836
4.70028
3.51664
2.48634
1.58196
0.765124
-0.0048697
-0.771565
-1.56968
-2.43729
-3.40193
-4.46466
-5.62071
-6.85996
-8.1456
-9.4264
-10.6472
-11.7512
-12.684
-13.4061
-13.8836
-14.1018
-14.0631
-13.7817
-13.2816
-12.604
-11.7868
-10.8747
-9.90829
-8.921
-7.95022
-7.0163
-6.1394
-5.33459
-4.60281
-3.93237
-3.31356
-2.73254
-2.16449
-1.58539
-0.969812
-0.290816
0.478827
1.35788
2.35484
3.47047
4.68638
5.97319
7.29793
8.6095
9.84814
10.9536
11.8694
12.5482
12.957
13.0718
12.8873
12.4263
11.7222
10.8221
9.78007
8.64739
7.47988
6.32897
5.23443
4.22341
3.31471
2.51384
1.81307
1.19984
0.652209
0.149435
-0.334289
-0.824793
-1.34372
-1.91955
-2.56189
-3.27448
-4.05959
-4.90333
-5.78589
-6.67754
-7.54324
-8.34744
-9.05135
-9.62032
-10.0286
-10.2606
-10.3075
-10.1746
-9.87451
-9.42728
-8.86242
-8.20794
-7.49436
-6.75456
-6.01328
-5.29142
-4.60777
-3.97091
-3.3822
-2.83927
-2.33351
-1.85092
-1.37385
-0.882828
-0.354842
0.237186
0.915634
1.69796
2.59943
3.62188
4.75616
5.98013
7.25844
8.54316
39.214
38.6595
37.1941
34.9167
31.9734
28.5492
24.8374
21.0277
17.2942
13.7747
10.5594
7.70806
5.24535
3.15962
1.42126
-0.0273881
-1.26089
-2.34987
-3.37146
-4.40491
-5.52089
-6.78473
-8.24542
-9.92141
-11.8096
-13.8874
-16.0922
-18.3397
-20.53
-22.5426
-24.2641
-25.5971
-26.4638
-26.8143
-26.6378
-25.9557
-24.8134
-23.2841
-21.4603
-19.4371
-17.3025
-15.1408
-13.0181
-10.9897
-9.09146
-7.34415
-5.75934
-4.32725
-3.02925
-1.83714
-0.707965
0.412114
1.57876
2.85156
4.28314
5.9096
7.75057
9.79733
12.001
14.2941
16.5842
18.7505
20.669
22.2226
23.3099
23.8602
23.8322
23.2297
22.0929
20.4995
18.5513
16.3635
14.0522
11.7302
9.49544
7.42294
5.56188
3.93737
2.55553
1.40574
0.463449
-0.30666
-0.952259
-1.51757
-2.05242
-2.60431
-3.2164
-3.92082
-4.7426
-5.69663
-6.77588
-7.95743
-9.20131
-10.4564
-11.6595
-12.7467
-13.6498
-14.3174
-14.7139
-14.8161
-14.6253
-14.1626
-13.4582
-12.5583
-11.5157
-10.3796
-9.20047
-8.01911
-6.86894
-5.7741
-4.75419
-3.81689
-2.96382
-2.19107
-1.48598
-0.83202
-0.201985
0.433182
1.10774
1.85294
2.69778
3.66071
4.74939
5.95056
7.2384
8.56463
9.87196
11.0892
12.1438
12.971
13.5173
13.7455
13.6368
13.2001
12.4662
11.4845
10.3166
9.03031
7.69364
6.36825
5.10656
3.94724
2.91406
2.01584
1.25151
0.610362
0.0733382
-0.384683
-0.791456
-1.17466
-1.56329
-1.9855
-2.46504
-3.02201
-3.6668
-4.40118
-5.21617
-6.09214
-6.99865
-7.89682
-8.74179
-9.4872
-10.0898
-10.5149
-10.7388
-10.7503
-10.5541
-10.165
-9.61049
-8.92553
-8.1483
-7.31573
-6.46241
-5.61673
-4.80203
-4.03476
-3.32275
-2.66848
-2.06903
-1.51585
-0.993414
-0.483176
0.0391053
0.601971
1.23403
1.96196
2.80679
3.78063
4.88217
6.096
7.38723
8.70875
36.7488
36.0361
34.4881
32.2169
29.3722
26.1233
22.6502
19.1289
15.7013
12.4687
9.48764
6.78537
4.35482
2.17016
0.186538
-1.61677
-3.28527
-4.86221
-6.37011
-7.83695
-9.28032
-10.7227
-12.1964
-13.7094
-15.268
-16.8496
-18.4251
-19.9549
-21.3721
-22.5962
-23.5395
-24.1265
-24.3023
-24.0271
-23.2907
-22.1236
-20.5871
-18.77
-16.7618
-14.6605
-12.5768
-10.5859
-8.74639
-7.09649
-5.65174
-4.40262
-3.33052
-2.39624
-1.55255
-0.751486
0.0649449
0.944769
1.93365
3.07033
4.39005
5.90661
7.62286
9.51937
11.5448
13.6341
15.7006
17.6386
19.3353
20.6856
21.5923
21.9947
21.8632
21.2048
20.0695
18.537
16.7044
14.682
12.5813
10.4912
8.48822
6.61788
4.90325
3.35802
1.96954
0.706111
-0.437338
-1.48268
-2.46393
-3.38251
-4.25348
-5.08919
-5.89698
-6.68986
-7.48227
-8.28057
-9.08018
-9.87956
-10.6647
-11.4074
-12.0794
-12.6358
-13.0314
-13.2366
-13.2179
-12.9548
-12.4487
-11.7179
-10.8072
-9.76336
-8.6334
-7.47369
-6.34252
-5.2755
-4.30353
-3.44706
-2.70494
-2.06927
-1.52502
-1.04642
-0.605484
-0.176059
0.268296
0.759539
1.31786
1.95918
2.70421
3.56116
4.52925
5.59742
6.73736
7.91256
9.07201
10.1554
11.1007
11.8477
12.3468
12.5619
12.4766
12.0992
11.4569
10.5952
9.56789
8.4316
7.25011
6.0733
4.94004
3.87533
2.89331
1.99824
1.18326
0.439579
-0.242696
-0.876882
-1.47284
-2.03892
-2.58626
-3.12363
-3.66174
-4.21309
-4.78706
-5.38583
-6.01044
-6.65371
-7.30274
-7.93366
-8.52029
-9.03073
-9.43137
-9.69375
-9.79392
-9.71861
-9.46528
-9.04709
-8.48528
-7.80866
-7.05206
-6.25219
-5.4468
-4.6644
-3.92669
-3.24867
-2.63585
-2.0872
-1.59409
-1.14072
-0.709359
-0.278823
0.172833
0.667357
1.22842
1.87391
2.6215
3.48307
4.45743
5.53498
6.69097
7.88787
34.4519
33.7791
32.3993
30.3961
27.8977
25.0557
22.0192
18.9228
15.9142
13.1
10.5396
8.27535
6.30116
4.59369
3.09385
1.74182
0.458762
-0.835014
-2.19408
-3.66039
-5.27934
-7.04491
-8.93999
-10.935
-12.9781
-15.0007
-16.9239
-18.6803
-20.196
-21.4263
-22.3306
-22.8729
-23.0519
-22.8773
-22.3658
-21.5605
-20.512
-19.2595
-17.8627
-16.384
-14.8654
-13.3603
-11.8914
-10.4747
-9.13137
-7.85442
-6.63284
-5.43655
-4.24637
-3.03137
-1.76525
-0.428214
0.997528
2.52107
4.15724
5.90523
7.74691
9.65788
11.5972
13.5125
15.3342
16.9849
18.3856
19.4623
20.1659
20.452
20.2988
19.7146
18.742
17.4386
15.8857
14.1712
12.3782
10.5933
8.89189
7.32108
5.90999
4.67029
3.59813
2.66701
1.8442
1.09553
0.369552
-0.372738
-1.16232
-2.02725
-2.97811
-4.00291
-5.09666
-6.23338
-7.37144
-8.47166
-9.50001
-10.4144
-11.1818
-11.7797
-12.1969
-12.4258
-12.4697
-12.3311
-12.0309
-11.5893
-11.0241
-10.3573
-9.61676
-8.83487
-8.02967
-7.22419
-6.43219
-5.66672
-4.93253
-4.22717
-3.54981
-2.88547
-2.22006
-1.54592
-0.844752
-0.107104
0.676616
1.5193
2.42134
3.38819
4.41336
5.48366
6.57814
7.66875
8.71933
9.68657
10.5256
11.1913
11.6509
11.8744
11.8474
11.5683
11.0518
10.3303
9.44683
8.45186
7.39543
6.32829
5.295
4.33025
3.45456
2.67651
1.9941
1.39919
0.870646
0.383029
-0.084161
-0.561728
-1.07251
-1.63156
-2.2456
-2.91847
-3.64174
-4.40593
-5.19294
-5.97587
-6.73164
-7.43577
-8.06351
-8.59345
-9.00915
-9.29406
-9.44064
-9.44589
-9.31099
-9.04412
-8.66061
-8.17406
-7.60622
-6.98298
-6.32671
-5.65753
-4.99284
-4.34574
-3.72372
-3.12985
-2.56194
-2.01124
-1.46767
-0.916172
-0.343427
0.26415
0.921444
1.64247
2.4381
3.31576
4.27274
5.30085
6.38295
7.49092
38.4526
37.9792
36.6658
34.6003
31.9054
28.743
25.2911
21.7205
18.1837
14.8118
11.6933
8.88654
6.41872
4.27707
2.42977
0.829917
-0.581225
-1.87222
-3.11068
-4.35964
-5.67875
-7.11337
-8.69528
-10.4365
-12.3302
-14.3449
-16.4268
-18.5056
-20.4932
-22.2984
-23.8355
-25.0231
-25.7974
-26.1207
-25.9819
-25.3949
-24.4009
-23.0582
-21.4388
-19.62
-17.6822
-15.694
-13.7173
-11.7992
-9.96925
-8.2467
-6.6398
-5.14793
-3.75402
-2.43639
-1.16488
0.0978894
1.394
2.76702
4.25828
5.89581
7.69671
9.65875
11.7513
13.9169
16.0792
18.1411
19.9936
21.5306
22.657
23.3004
23.4197
23.0066
22.0891
20.7284
19.0077
17.027
14.8918
12.7057
10.5618
8.53194
6.66811
5.00226
3.54524
2.29285
1.22395
0.308093
-0.493379
-1.21656
-1.90576
-2.60045
-3.33236
-4.12999
-5.0102
-5.98075
-7.03549
-8.15612
-9.3106
-10.4598
-11.5567
-12.5498
-13.3918
-14.0405
-14.4625
-14.6369
-14.5569
-14.232
-13.684
-12.9453
-12.0523
-11.0464
-9.97213
-8.86646
-7.76108
-6.68273
-5.64894
-4.67239
-3.7594
-2.9077
-2.11237
-1.36234
-0.640334
0.0731593
0.80177
1.57034
2.40286
3.31815
4.32577
5.4255
6.60206
7.82618
9.05532
10.2332
11.2982
12.1909
12.8549
13.2468
13.3414
13.1313
12.6317
11.8752
10.9098
9.79032
8.57825
7.33352
6.10622
4.93788
3.85874
2.88667
2.02784
1.27796
0.624432
0.0488705
-0.468645
-0.951724
-1.42382
-1.90809
-2.42542
-2.99118
-3.6154
-4.30185
-5.04702
-5.83828
-6.6556
-7.47164
-8.25324
-8.96666
-9.57856
-10.0564
-10.3759
-10.5208
-10.4847
-10.2701
-9.89197
-9.37081
-8.73223
-8.0071
-7.22654
-6.41876
-5.6089
-4.81677
-4.05671
-3.33848
-2.66427
-2.03164
-1.43257
-0.85588
-0.284586
0.302253
0.926144
1.61043
2.3766
3.23974
4.20831
5.27986
6.43849
7.65321
38.5918
37.9936
36.4917
34.1792
31.2019
27.7388
23.9874
20.1351
16.3556
12.7882
9.52118
6.61393
4.07176
1.87065
-0.0408598
-1.72002
-3.23936
-4.66827
-6.06006
-7.46174
-8.90674
-10.4203
-12.0157
-13.69
-15.4277
-17.2032
-18.979
-20.6911
-22.2765
-23.6495
-24.7335
-25.4558
-25.755
-25.5875
-24.9327
-23.8146
-22.2612
-20.3479
-18.171
-15.8385
-13.4656
-11.1596
-9.01359
-7.08991
-5.43144
-4.05231
-2.93742
-2.04514
-1.31114
-0.663511
-0.0298797
0.667808
1.49755
2.52085
3.77669
5.28903
7.0506
9.03436
11.1892
13.4419
15.6915
17.8328
19.7497
21.3176
22.4518
23.0684
23.1248
22.6118
21.565
20.0469
18.1494
15.9932
13.6899
11.3567
9.08916
6.97268
5.0516
3.35255
1.87457
0.601724
-0.497199
-1.46104
-2.3305
-3.14496
-3.93205
-4.71905
-5.52169
-6.35146
-7.21335
-8.10884
-9.02836
-9.95903
-10.8809
-11.7657
-12.5761
-13.273
-13.8069
-14.1425
-14.2436
-14.088
-13.6668
-12.9913
-12.0815
-10.9738
-9.7304
-8.40775
-7.07209
-5.78532
-4.59804
-3.5428
-2.64348
-1.90433
-1.31346
-0.84588
-0.46598
-0.133013
0.198538
0.569774
1.01824
1.5774
2.27075
3.10748
4.08845
5.19875
6.41081
7.68235
8.96133
10.1834
11.2816
12.1925
12.856
13.2286
13.2832
13.0135
12.4347
11.5863
10.5204
9.29826
7.99018
6.65708
5.35781
4.13748
3.02505
2.03357
1.16618
0.411568
-0.247779
-0.832427
-1.3682
-1.87726
-2.3757
-2.8843
-3.41665
-3.97879
-4.57982
-5.22023
-5.89604
-6.59827
-7.31172
-8.01312
-8.67298
-9.25774
-9.73612
-10.0774
-10.2554
-10.2507
-10.0551
-9.67268
-9.119
-8.41963
-7.60993
-6.73119
-5.8248
-4.93241
-4.08615
-3.31208
-2.62549
-2.03177
-1.52307
-1.08425
-0.695426
-0.327375
0.0500606
0.468734
0.956606
1.54338
2.24686
3.07983
4.04502
5.13204
6.31796
7.56797
33.695
32.9916
31.5281
29.4145
26.7867
23.8034
20.6452
17.4754
14.4422
11.6618
9.19439
7.0687
5.25768
3.72843
2.42362
1.27184
0.213267
-0.819974
-1.89603
-3.05896
-4.33366
-5.7493
-7.31181
-9.0118
-10.8245
-12.7076
-14.5987
-16.4263
-18.122
-19.5998
-20.7846
-21.6331
-22.095
-22.154
-21.8299
-21.1545
-20.1765
-18.9322
-17.4951
-15.9259
-14.2793
-12.6029
-10.9561
-9.33912
-7.79627
-6.35161
-5.00653
-3.76464
-2.61615
-1.53966
-0.497489
0.527609
1.58039
2.70176
3.93813
5.31213
6.83741
8.49793
10.274
12.1131
13.939
15.6618
17.1841
18.4001
19.2366
19.636
19.5698
19.0339
18.0657
16.7344
15.1256
13.3524
11.4999
9.6706
7.94432
6.38527
5.01399
3.84401
2.86551
2.0449
1.34185
0.721883
0.152679
-0.41404
-1.00703
-1.65054
-2.36147
-3.14482
-4.00965
-4.94819
-5.95291
-6.9848
-8.01415
-9.00529
-9.92105
-10.7095
-11.3368
-11.7732
-12.0051
-12.0192
-11.8296
-11.4559
-10.9194
-10.2509
-9.47758
-8.63765
-7.75818
-6.87218
-5.99193
-5.13544
-4.31173
-3.54464
-2.83137
-2.16245
-1.54537
-0.958067
-0.391081
0.181297
0.775278
1.42128
2.13582
2.93695
3.83033
4.80885
5.85638
6.94189
8.02913
9.06088
9.97773
10.7215
11.2484
11.5234
11.5225
11.2456
10.7157
9.96846
9.05109
8.02166
6.93779
5.85727
4.8282
3.88408
3.04331
2.31425
1.69015
1.15484
0.693622
0.280719
-0.107769
-0.491253
-0.892647
-1.33304
-1.82314
-2.36861
-2.98177
-3.65685
-4.38784
-5.15615
-5.94216
-6.71798
-7.4508
-8.10843
-8.65621
-9.07117
-9.32817
-9.41946
-9.33979
-9.1025
-8.71849
-8.21258
-7.60882
-6.93596
-6.22564
-5.49981
-4.78323
-4.08785
-3.43062
-2.81753
-2.25222
-1.73164
-1.24545
-0.780273
-0.316838
0.166171
0.691792
1.28437
1.96613
2.7564
3.65889
4.66897
5.76902
6.9322
