.00500 0 49.38
.00500 .02000 49.42
.00500 .04000 49.43
.00500 .06000 49.23
.00500 .08000 49.05
.00500 .10000 48.64
.00500 .12000 48.09
.00500 .14000 47.06
.00500 .16000 46.63
.00500 .18000 45.87
.00500 .20000 44.47
.00500 .22000 43.40
.00500 .24000 41.92
.00500 .26000 40.38
.00500 .28000 38.57
.00500 .30000 36.22
.00500 .32000 33.34
.00500 .34000 29.52
.00500 .36000 24.58
.00500 .38000 20.29
.00500 .40000 15.37
.00500 .42000 9.58
.00500 .44000 5.90
.00500 .46000 4.73
.00500 .48000 4.17
.00500 .50000 6.87
.00500 .52000 10.55
.00500 .54000 15.27
.00500 .56000 17.48
.00500 .58000 20.26
.00500 .60000 21.88
.00500 .62000 24.07
.00500 .64000 25.39
.00500 .66000 25.92
.00500 .68000 26.23
.00500 .70000 27.04
.00500 .72000 27.66
.00500 .74000 27.99
.00500 .76000 28.64
.00500 .78000 29.31
.00500 .80000 29.60
.00500 .82000 29.76
.00500 .84000 29.93
.00500 .86000 30.05
.00500 .88000 30.31
.00500 .90000 30.19
.00500 .92000 30.19
.00500 .94000 30.38
.00500 .96000 30.19
.00500 .98000 30.34
.00500 1.00000 30.41
.00600 0 56.27
.00600 .02000 56.34
.00600 .04000 56.24
.00600 .06000 56.31
.00600 .08000 56.37
.00600 .10000 56.31
.00600 .12000 56.34
.00600 .14000 55.88
.00600 .16000 55.41
.00600 .18000 55.10
.00600 .20000 54.72
.00600 .22000 54.40
.00600 .24000 53.78
.00600 .26000 52.67
.00600 .28000 51.33
.00600 .30000 49.84
.00600 .32000 47.78
.00600 .34000 45.26
.00600 .36000 40.81
.00600 .38000 34.97
.00600 .40000 26.88
.00600 .42000 15.80
.00600 .44000 7.93
.00600 .46000 5.94
.00600 .48000 9.58
.00600 .50000 15.86
.00600 .52000 20.50
.00600 .54000 26.45
.00600 .56000 30.21
.00600 .58000 32.33
.00600 .60000 35.82
.00600 .62000 37.96
.00600 .64000 39.09
.00600 .66000 40.49
.00600 .68000 41.37
.00600 .70000 41.98
.00600 .72000 42.75
.00600 .74000 43.06
.00600 .76000 43.38
.00600 .78000 43.70
.00600 .80000 43.88
.00600 .82000 43.93
.00600 .84000 44.17
.00600 .86000 44.26
.00600 .88000 44.59
.00600 .90000 44.61
.00600 .92000 44.60
.00600 .94000 44.69
.00600 .96000 44.76
.00600 .98000 44.76
.00600 1.00000 44.73
.00700 0 58.73
.00700 .02000 58.85
.00700 .04000 59.03
.00700 .06000 59.22
.00700 .08000 59.41
.00700 .10000 59.57
.00700 .12000 59.54
.00700 .14000 59.47
.00700 .16000 59.47
.00700 .18000 59.37
.00700 .20000 59.06
.00700 .22000 58.84
.00700 .24000 58.04
.00700 .26000 57.39
.00700 .28000 57.03
.00700 .30000 55.56
.00700 .32000 52.96
.00700 .34000 50.55
.00700 .36000 46.12
.00700 .38000 38.37
.00700 .40000 28.53
.00700 .42000 18.71
.00700 .44000 12.18
.00700 .46000 16.54
.00700 .48000 25.64
.00700 .50000 35.71
.00700 .52000 44.92
.00700 .54000 50.91
.00700 .56000 53.52
.00700 .58000 55.44
.00700 .60000 56.69
.00700 .62000 57.80
.00700 .64000 58.65
.00700 .66000 59.30
.00700 .68000 59.87
.00700 .70000 60.38
.00700 .72000 60.60
.00700 .74000 60.75
.00700 .76000 61.10
.00700 .78000 61.33
.00700 .80000 61.54
.00700 .82000 61.78
.00700 .84000 61.87
.00700 .86000 62.06
.00700 .88000 62.03
.00700 .90000 61.95
.00700 .92000 62.02
.00700 .94000 62.11
.00700 .96000 62.07
.00700 .98000 62.11
.00700 1.00000 62.09
.00800 0 59.83
.00800 .02000 59.95
.00800 .04000 60.39
.00800 .06000 60.50
.00800 .08000 60.62
.00800 .10000 60.61
.00800 .12000 60.56
.00800 .14000 60.57
.00800 .16000 60.56
.00800 .18000 60.43
.00800 .20000 59.96
.00800 .22000 59.75
.00800 .24000 59.42
.00800 .26000 59.00
.00800 .28000 58.01
.00800 .30000 56.73
.00800 .32000 54.49
.00800 .34000 50.70
.00800 .36000 45.15
.00800 .38000 36.11
.00800 .40000 26.62
.00800 .42000 19.08
.00800 .44000 16.39
.00800 .46000 20.72
.00800 .48000 29.34
.00800 .50000 41.00
.00800 .52000 55.35
.00800 .54000 63.40
.00800 .56000 65.86
.00800 .58000 67.14
.00800 .60000 67.84
.00800 .62000 68.50
.00800 .64000 68.98
.00800 .66000 69.48
.00800 .68000 69.88
.00800 .70000 70.13
.00800 .72000 70.40
.00800 .74000 70.63
.00800 .76000 70.68
.00800 .78000 70.80
.00800 .80000 71.03
.00800 .82000 71.17
.00800 .84000 71.17
.00800 .86000 71.09
.00800 .88000 71.12
.00800 .90000 71.20
.00800 .92000 71.12
.00800 .94000 71.22
.00800 .96000 71.13
.00800 .98000 71.10
.00800 1.00000 71.20
.00900 0 60.57
.00900 .02000 60.97
.00900 .04000 61.16
.00900 .06000 61.73
.00900 .08000 61.81
.00900 .10000 61.77
.00900 .12000 61.74
.00900 .14000 61.62
.00900 .16000 61.76
.00900 .18000 61.79
.00900 .20000 61.65
.00900 .22000 61.09
.00900 .24000 60.44
.00900 .26000 59.43
.00900 .28000 58.43
.00900 .30000 56.43
.00900 .32000 53.87
.00900 .34000 49.75
.00900 .36000 43.84
.00900 .38000 35.90
.00900 .40000 27.79
.00900 .42000 18.90
.00900 .44000 16.35
.00900 .46000 17.89
.00900 .48000 28.62
.00900 .50000 42.20
.00900 .52000 59.28
.00900 .54000 69.69
.00900 .56000 71.77
.00900 .58000 72.75
.00900 .60000 73.44
.00900 .62000 73.98
.00900 .64000 74.22
.00900 .66000 74.35
.00900 .68000 74.51
.00900 .70000 74.85
.00900 .72000 74.99
.00900 .74000 75.15
.00900 .76000 75.26
.00900 .78000 75.30
.00900 .80000 75.34
.00900 .82000 75.46
.00900 .84000 75.56
.00900 .86000 75.60
.00900 .88000 75.57
.00900 .90000 75.53
.00900 .92000 75.55
.00900 .94000 75.62
.00900 .96000 75.57
.00900 .98000 75.54
.00900 1.00000 75.61
.01000 0 60.92
.01000 .02000 61.22
.01000 .04000 61.57
.01000 .06000 61.83
.01000 .08000 62.35
.01000 .10000 62.46
.01000 .12000 62.12
.01000 .14000 62.07
.01000 .16000 62.01
.01000 .18000 61.87
.01000 .20000 61.68
.01000 .22000 61.12
.01000 .24000 60.65
.01000 .26000 59.82
.01000 .28000 58.85
.01000 .30000 57.55
.01000 .32000 54.53
.01000 .34000 51.51
.01000 .36000 46.43
.01000 .38000 38.81
.01000 .40000 27.78
.01000 .42000 21.85
.01000 .44000 20.64
.01000 .46000 22.85
.01000 .48000 31.33
.01000 .50000 43.15
.01000 .52000 61.73
.01000 .54000 72.04
.01000 .56000 73.50
.01000 .58000 74.09
.01000 .60000 74.66
.01000 .62000 74.94
.01000 .64000 75.34
.01000 .66000 75.42
.01000 .68000 75.42
.01000 .70000 75.64
.01000 .72000 75.66
.01000 .74000 75.72
.01000 .76000 75.78
.01000 .78000 75.79
.01000 .80000 75.88
.01000 .82000 75.96
.01000 .84000 76.03
.01000 .86000 75.93
.01000 .88000 75.96
.01000 .90000 76.01
.01000 .92000 76.25
.01000 .94000 76.26
.01000 .96000 76.03
.01000 .98000 76.04
.01000 1.00000 76.04
.01100 0 58.86
.01100 .02000 59.16
.01100 .04000 59.25
.01100 .06000 59.43
.01100 .08000 59.60
.01100 .10000 59.65
.01100 .12000 59.69
.01100 .14000 59.67
.01100 .16000 59.77
.01100 .18000 59.54
.01100 .20000 59.22
.01100 .22000 58.84
.01100 .24000 58.45
.01100 .26000 58.14
.01100 .28000 57.84
.01100 .30000 56.73
.01100 .32000 54.60
.01100 .34000 52.55
.01100 .36000 48.26
.01100 .38000 40.54
.01100 .40000 31.91
.01100 .42000 24.65
.01100 .44000 24.20
.01100 .46000 26.62
.01100 .48000 34.65
.01100 .50000 47.97
.01100 .52000 64.22
.01100 .54000 72.51
.01100 .56000 73.49
.01100 .58000 74.21
.01100 .60000 75.00
.01100 .62000 75.32
.01100 .64000 75.38
.01100 .66000 75.58
.01100 .68000 75.05
.01100 .70000 75.09
.01100 .72000 75.32
.01100 .74000 75.43
.01100 .76000 75.57
.01100 .78000 75.65
.01100 .80000 75.97
.01100 .82000 76.01
.01100 .84000 76.36
.01100 .86000 76.36
.01100 .88000 75.91
.01100 .90000 75.89
.01100 .92000 76.06
.01100 .94000 76.07
.01100 .96000 76.10
.01100 .98000 76.09
.01100 1.00000 76.09
.01200 0 59.39
.01200 .02000 59.39
.01200 .04000 59.61
.01200 .06000 59.75
.01200 .08000 59.60
.01200 .10000 59.76
.01200 .12000 59.72
.01200 .14000 59.84
.01200 .16000 59.68
.01200 .18000 59.52
.01200 .20000 59.43
.01200 .22000 59.09
.01200 .24000 58.73
.01200 .26000 58.41
.01200 .28000 57.63
.01200 .30000 57.05
.01200 .32000 55.55
.01200 .34000 52.57
.01200 .36000 49.11
.01200 .38000 43.41
.01200 .40000 34.91
.01200 .42000 26.46
.01200 .44000 27.72
.01200 .46000 34.55
.01200 .48000 46.63
.01200 .50000 56.26
.01200 .52000 67.74
.01200 .54000 73.92
.01200 .56000 75.21
.01200 .58000 75.90
.01200 .60000 76.17
.01200 .62000 76.46
.01200 .64000 76.67
.01200 .66000 76.61
.01200 .68000 76.60
.01200 .70000 76.46
.01200 .72000 76.61
.01200 .74000 76.73
.01200 .76000 76.86
.01200 .78000 76.90
.01200 .80000 76.96
.01200 .82000 77.02
.01200 .84000 77.01
.01200 .86000 76.93
.01200 .88000 76.90
.01200 .90000 76.80
.01200 .92000 76.80
.01200 .94000 76.81
.01200 .96000 76.78
.01200 .98000 76.85
.01200 1.00000 76.85
.01300 0 59.75
.01300 .02000 60.19
.01300 .04000 60.22
.01300 .06000 60.25
.01300 .08000 60.23
.01300 .10000 60.31
.01300 .12000 60.50
.01300 .14000 60.60
.01300 .16000 60.53
.01300 .18000 60.33
.01300 .20000 60.08
.01300 .22000 59.70
.01300 .24000 59.25
.01300 .26000 59.15
.01300 .28000 58.88
.01300 .30000 58.07
.01300 .32000 56.89
.01300 .34000 54.21
.01300 .36000 49.40
.01300 .38000 44.09
.01300 .40000 36.19
.01300 .42000 31.00
.01300 .44000 34.62
.01300 .46000 44.58
.01300 .48000 55.09
.01300 .50000 63.10
.01300 .52000 72.24
.01300 .54000 76.68
.01300 .56000 77.41
.01300 .58000 77.87
.01300 .60000 78.41
.01300 .62000 78.72
.01300 .64000 78.51
.01300 .66000 78.54
.01300 .68000 78.87
.01300 .70000 79.17
.01300 .72000 79.16
.01300 .74000 79.15
.01300 .76000 78.92
.01300 .78000 78.93
.01300 .80000 78.88
.01300 .82000 79.02
.01300 .84000 79.09
.01300 .86000 79.12
.01300 .88000 79.10
.01300 .90000 79.01
.01300 .92000 78.98
.01300 .94000 78.98
.01300 .96000 79.01
.01300 .98000 78.96
.01300 1.00000 78.90
.01400 0 61.18
.01400 .02000 61.33
.01400 .04000 61.70
.01400 .06000 61.74
.01400 .08000 61.67
.01400 .10000 61.83
.01400 .12000 61.84
.01400 .14000 61.80
.01400 .16000 61.58
.01400 .18000 61.73
.01400 .20000 61.58
.01400 .22000 60.92
.01400 .24000 60.43
.01400 .26000 60.08
.01400 .28000 58.99
.01400 .30000 58.11
.01400 .32000 56.84
.01400 .34000 54.88
.01400 .36000 51.03
.01400 .38000 43.81
.01400 .40000 38.47
.01400 .42000 38.90
.01400 .44000 44.86
.01400 .46000 54.92
.01400 .48000 63.00
.01400 .50000 69.22
.01400 .52000 74.54
.01400 .54000 78.70
.01400 .56000 79.71
.01400 .58000 80.02
.01400 .60000 80.32
.01400 .62000 80.52
.01400 .64000 80.61
.01400 .66000 80.62
.01400 .68000 80.67
.01400 .70000 80.61
.01400 .72000 80.63
.01400 .74000 80.59
.01400 .76000 80.65
.01400 .78000 80.73
.01400 .80000 80.64
.01400 .82000 80.49
.01400 .84000 80.33
.01400 .86000 80.29
.01400 .88000 80.14
.01400 .90000 80.06
.01400 .92000 80.03
.01400 .94000 79.97
.01400 .96000 79.87
.01400 .98000 79.77
.01400 1.00000 79.79
.01500 0 62.59
.01500 .02000 62.67
.01500 .04000 62.74
.01500 .06000 62.79
.01500 .08000 62.72
.01500 .10000 62.67
.01500 .12000 62.38
.01500 .14000 62.33
.01500 .16000 62.22
.01500 .18000 62.01
.01500 .20000 61.72
.01500 .22000 60.90
.01500 .24000 60.84
.01500 .26000 60.16
.01500 .28000 59.47
.01500 .30000 58.64
.01500 .32000 57.05
.01500 .34000 54.57
.01500 .36000 50.37
.01500 .38000 45.46
.01500 .40000 44.30
.01500 .42000 48.65
.01500 .44000 55.07
.01500 .46000 62.64
.01500 .48000 68.97
.01500 .50000 73.49
.01500 .52000 77.05
.01500 .54000 80.25
.01500 .56000 81.70
.01500 .58000 82.15
.01500 .60000 82.21
.01500 .62000 82.47
.01500 .64000 82.56
.01500 .66000 82.65
.01500 .68000 82.71
.01500 .70000 82.68
.01500 .72000 82.64
.01500 .74000 82.67
.01500 .76000 82.46
.01500 .78000 82.41
.01500 .80000 82.30
.01500 .82000 82.21
.01500 .84000 82.07
.01500 .86000 81.93
.01500 .88000 81.68
.01500 .90000 81.45
.01500 .92000 81.25
.01500 .94000 81.19
.01500 .96000 81.01
.01500 .98000 80.95
.01500 1.00000 80.93
.01600 0 64.87
.01600 .02000 65.13
.01600 .04000 65.26
.01600 .06000 65.34
.01600 .08000 64.78
.01600 .10000 64.74
.01600 .12000 64.23
.01600 .14000 64.23
.01600 .16000 64.25
.01600 .18000 64.34
.01600 .20000 63.87
.01600 .22000 63.27
.01600 .24000 62.81
.01600 .26000 62.15
.01600 .28000 61.38
.01600 .30000 60.20
.01600 .32000 58.37
.01600 .34000 55.80
.01600 .36000 51.91
.01600 .38000 50.81
.01600 .40000 52.31
.01600 .42000 55.54
.01600 .44000 60.74
.01600 .46000 67.55
.01600 .48000 72.10
.01600 .50000 75.46
.01600 .52000 78.85
.01600 .54000 81.90
.01600 .56000 83.62
.01600 .58000 83.93
.01600 .60000 84.25
.01600 .62000 84.38
.01600 .64000 84.48
.01600 .66000 84.59
.01600 .68000 84.66
.01600 .70000 84.66
.01600 .72000 84.52
.01600 .74000 84.46
.01600 .76000 84.42
.01600 .78000 84.36
.01600 .80000 84.32
.01600 .82000 84.20
.01600 .84000 84.09
.01600 .86000 83.85
.01600 .88000 83.56
.01600 .90000 83.40
.01600 .92000 83.13
.01600 .94000 82.83
.01600 .96000 82.67
.01600 .98000 82.62
.01600 1.00000 82.67
.01700 0 66.36
.01700 .02000 66.55
.01700 .04000 66.72
.01700 .06000 66.80
.01700 .08000 66.71
.01700 .10000 66.53
.01700 .12000 66.68
.01700 .14000 66.67
.01700 .16000 66.54
.01700 .18000 66.23
.01700 .20000 65.72
.01700 .22000 65.56
.01700 .24000 65.69
.01700 .26000 64.88
.01700 .28000 63.35
.01700 .30000 61.46
.01700 .32000 59.49
.01700 .34000 57.27
.01700 .36000 54.34
.01700 .38000 55.31
.01700 .40000 57.35
.01700 .42000 60.53
.01700 .44000 65.20
.01700 .46000 70.72
.01700 .48000 74.84
.01700 .50000 77.47
.01700 .52000 80.24
.01700 .54000 83.70
.01700 .56000 85.15
.01700 .58000 85.64
.01700 .60000 85.81
.01700 .62000 85.87
.01700 .64000 85.88
.01700 .66000 85.92
.01700 .68000 85.90
.01700 .70000 85.86
.01700 .72000 85.79
.01700 .74000 85.75
.01700 .76000 85.69
.01700 .78000 85.66
.01700 .80000 85.54
.01700 .82000 85.43
.01700 .84000 85.31
.01700 .86000 85.16
.01700 .88000 84.87
.01700 .90000 84.62
.01700 .92000 84.33
.01700 .94000 84.06
.01700 .96000 83.86
.01700 .98000 83.73
.01700 1.00000 83.71
.01800 0 68.20
.01800 .02000 68.25
.01800 .04000 68.55
.01800 .06000 68.66
.01800 .08000 68.85
.01800 .10000 68.68
.01800 .12000 68.56
.01800 .14000 68.56
.01800 .16000 68.21
.01800 .18000 67.90
.01800 .20000 67.32
.01800 .22000 67.27
.01800 .24000 67.11
.01800 .26000 66.05
.01800 .28000 65.27
.01800 .30000 63.62
.01800 .32000 61.53
.01800 .34000 59.99
.01800 .36000 58.05
.01800 .38000 59.43
.01800 .40000 61.23
.01800 .42000 63.96
.01800 .44000 67.86
.01800 .46000 73.35
.01800 .48000 76.10
.01800 .50000 78.52
.01800 .52000 81.32
.01800 .54000 84.55
.01800 .56000 86.43
.01800 .58000 86.78
.01800 .60000 86.96
.01800 .62000 87.03
.01800 .64000 86.91
.01800 .66000 86.91
.01800 .68000 86.79
.01800 .70000 86.71
.01800 .72000 86.58
.01800 .74000 86.54
.01800 .76000 86.48
.01800 .78000 86.51
.01800 .80000 86.37
.01800 .82000 86.20
.01800 .84000 86.14
.01800 .86000 86.05
.01800 .88000 85.83
.01800 .90000 85.54
.01800 .92000 85.35
.01800 .94000 85.00
.01800 .96000 84.71
.01800 .98000 84.62
.01800 1.00000 84.53
.01900 0 68.49
.01900 .02000 68.78
.01900 .04000 68.93
.01900 .06000 69.06
.01900 .08000 69.23
.01900 .10000 69.47
.01900 .12000 69.36
.01900 .14000 69.22
.01900 .16000 68.82
.01900 .18000 68.19
.01900 .20000 67.83
.01900 .22000 67.70
.01900 .24000 67.57
.01900 .26000 67.16
.01900 .28000 66.46
.01900 .30000 65.98
.01900 .32000 64.04
.01900 .34000 62.93
.01900 .36000 61.41
.01900 .38000 62.78
.01900 .40000 64.52
.01900 .42000 67.98
.01900 .44000 71.11
.01900 .46000 74.07
.01900 .48000 76.18
.01900 .50000 78.88
.01900 .52000 81.93
.01900 .54000 85.44
.01900 .56000 86.83
.01900 .58000 87.61
.01900 .60000 87.85
.01900 .62000 88.03
.01900 .64000 87.92
.01900 .66000 87.86
.01900 .68000 87.78
.01900 .70000 87.69
.01900 .72000 87.68
.01900 .74000 87.59
.01900 .76000 87.44
.01900 .78000 87.28
.01900 .80000 87.21
.01900 .82000 87.05
.01900 .84000 86.94
.01900 .86000 86.75
.01900 .88000 86.50
.01900 .90000 86.27
.01900 .92000 86.04
.01900 .94000 85.71
.01900 .96000 85.54
.01900 .98000 85.40
.01900 1.00000 85.32
.02000 0 69.20
.02000 .02000 69.53
.02000 .04000 69.78
.02000 .06000 69.93
.02000 .08000 70.06
.02000 .10000 70.10
.02000 .12000 70.53
.02000 .14000 70.48
.02000 .16000 70.45
.02000 .18000 70.04
.02000 .20000 69.78
.02000 .22000 69.51
.02000 .24000 68.86
.02000 .26000 68.02
.02000 .28000 66.96
.02000 .30000 66.03
.02000 .32000 65.15
.02000 .34000 64.32
.02000 .36000 63.83
.02000 .38000 65.37
.02000 .40000 67.58
.02000 .42000 70.19
.02000 .44000 72.34
.02000 .46000 73.98
.02000 .48000 76.68
.02000 .50000 79.48
.02000 .52000 82.59
.02000 .54000 85.80
.02000 .56000 87.59
.02000 .58000 88.20
.02000 .60000 88.57
.02000 .62000 88.68
.02000 .64000 88.55
.02000 .66000 88.61
.02000 .68000 88.57
.02000 .70000 88.63
.02000 .72000 88.58
.02000 .74000 88.49
.02000 .76000 88.51
.02000 .78000 88.34
.02000 .80000 88.18
.02000 .82000 88.09
.02000 .84000 87.90
.02000 .86000 87.71
.02000 .88000 87.50
.02000 .90000 87.11
.02000 .92000 86.86
.02000 .94000 86.63
.02000 .96000 86.50
.02000 .98000 86.37
.02000 1.00000 86.32
.02100 0 68.49
.02100 .02000 68.76
.02100 .04000 69.24
.02100 .06000 69.53
.02100 .08000 69.79
.02100 .10000 70.06
.02100 .12000 70.00
.02100 .14000 70.11
.02100 .16000 70.31
.02100 .18000 70.29
.02100 .20000 70.30
.02100 .22000 69.89
.02100 .24000 69.55
.02100 .26000 68.33
.02100 .28000 67.28
.02100 .30000 66.49
.02100 .32000 66.56
.02100 .34000 66.44
.02100 .36000 66.07
.02100 .38000 68.42
.02100 .40000 69.92
.02100 .42000 71.98
.02100 .44000 74.08
.02100 .46000 75.47
.02100 .48000 77.22
.02100 .50000 80.34
.02100 .52000 83.01
.02100 .54000 86.37
.02100 .56000 88.48
.02100 .58000 89.10
.02100 .60000 89.43
.02100 .62000 89.56
.02100 .64000 89.55
.02100 .66000 89.53
.02100 .68000 89.73
.02100 .70000 89.72
.02100 .72000 89.64
.02100 .74000 89.56
.02100 .76000 89.54
.02100 .78000 89.46
.02100 .80000 89.37
.02100 .82000 89.32
.02100 .84000 89.12
.02100 .86000 89.04
.02100 .88000 88.78
.02100 .90000 88.38
.02100 .92000 88.11
.02100 .94000 87.84
.02100 .96000 87.66
.02100 .98000 87.63
.02100 1.00000 87.67
.02200 0 68.25
.02200 .02000 68.82
.02200 .04000 68.96
.02200 .06000 69.28
.02200 .08000 69.60
.02200 .10000 69.70
.02200 .12000 69.98
.02200 .14000 70.14
.02200 .16000 70.07
.02200 .18000 69.85
.02200 .20000 69.71
.02200 .22000 69.32
.02200 .24000 68.67
.02200 .26000 68.15
.02200 .28000 68.02
.02200 .30000 67.78
.02200 .32000 67.58
.02200 .34000 68.18
.02200 .36000 68.86
.02200 .38000 71.38
.02200 .40000 72.02
.02200 .42000 73.27
.02200 .44000 74.53
.02200 .46000 76.35
.02200 .48000 78.65
.02200 .50000 81.14
.02200 .52000 84.27
.02200 .54000 87.63
.02200 .56000 89.69
.02200 .58000 90.24
.02200 .60000 90.44
.02200 .62000 90.53
.02200 .64000 90.54
.02200 .66000 90.63
.02200 .68000 90.67
.02200 .70000 90.61
.02200 .72000 90.59
.02200 .74000 90.53
.02200 .76000 90.39
.02200 .78000 90.38
.02200 .80000 90.32
.02200 .82000 90.20
.02200 .84000 90.03
.02200 .86000 89.90
.02200 .88000 89.67
.02200 .90000 89.33
.02200 .92000 89.12
.02200 .94000 88.96
.02200 .96000 88.72
.02200 .98000 88.52
.02200 1.00000 88.48
.02300 0 67.77
.02300 .02000 68.29
.02300 .04000 68.52
.02300 .06000 68.76
.02300 .08000 68.98
.02300 .10000 69.28
.02300 .12000 69.47
.02300 .14000 69.57
.02300 .16000 69.81
.02300 .18000 69.44
.02300 .20000 69.51
.02300 .22000 69.12
.02300 .24000 69.63
.02300 .26000 69.62
.02300 .28000 69.37
.02300 .30000 69.72
.02300 .32000 69.83
.02300 .34000 70.46
.02300 .36000 71.50
.02300 .38000 72.76
.02300 .40000 72.72
.02300 .42000 73.30
.02300 .44000 74.95
.02300 .46000 77.17
.02300 .48000 79.76
.02300 .50000 82.50
.02300 .52000 84.75
.02300 .54000 88.33
.02300 .56000 90.14
.02300 .58000 90.68
.02300 .60000 90.60
.02300 .62000 90.75
.02300 .64000 90.85
.02300 .66000 90.87
.02300 .68000 90.90
.02300 .70000 90.94
.02300 .72000 90.91
.02300 .74000 90.86
.02300 .76000 90.86
.02300 .78000 90.84
.02300 .80000 90.81
.02300 .82000 90.65
.02300 .84000 90.61
.02300 .86000 90.48
.02300 .88000 90.16
.02300 .90000 89.99
.02300 .92000 89.71
.02300 .94000 89.44
.02300 .96000 89.22
.02300 .98000 89.08
.02300 1.00000 89.08
.02400 0 66.65
.02400 .02000 66.80
.02400 .04000 67.16
.02400 .06000 68.07
.02400 .08000 68.21
.02400 .10000 68.35
.02400 .12000 68.29
.02400 .14000 68.66
.02400 .16000 68.88
.02400 .18000 69.17
.02400 .20000 69.40
.02400 .22000 69.70
.02400 .24000 69.89
.02400 .26000 69.73
.02400 .28000 70.07
.02400 .30000 70.35
.02400 .32000 70.73
.02400 .34000 70.85
.02400 .36000 71.96
.02400 .38000 72.55
.02400 .40000 72.50
.02400 .42000 73.83
.02400 .44000 74.36
.02400 .46000 77.46
.02400 .48000 79.97
.02400 .50000 82.19
.02400 .52000 85.25
.02400 .54000 88.61
.02400 .56000 90.34
.02400 .58000 90.72
.02400 .60000 90.66
.02400 .62000 90.80
.02400 .64000 90.85
.02400 .66000 90.81
.02400 .68000 90.80
.02400 .70000 90.81
.02400 .72000 90.85
.02400 .74000 90.74
.02400 .76000 90.62
.02400 .78000 90.54
.02400 .80000 90.43
.02400 .82000 90.32
.02400 .84000 90.19
.02400 .86000 90.14
.02400 .88000 89.93
.02400 .90000 89.66
.02400 .92000 89.44
.02400 .94000 89.33
.02400 .96000 89.16
.02400 .98000 89.00
.02400 1.00000 88.94
.02500 0 66.37
.02500 .02000 66.87
.02500 .04000 67.05
.02500 .06000 67.35
.02500 .08000 67.93
.02500 .10000 68.17
.02500 .12000 68.46
.02500 .14000 68.65
.02500 .16000 68.83
.02500 .18000 69.02
.02500 .20000 69.49
.02500 .22000 69.64
.02500 .24000 69.77
.02500 .26000 70.22
.02500 .28000 70.34
.02500 .30000 70.84
.02500 .32000 71.26
.02500 .34000 71.97
.02500 .36000 72.42
.02500 .38000 72.76
.02500 .40000 72.23
.02500 .42000 73.47
.02500 .44000 75.19
.02500 .46000 77.99
.02500 .48000 80.39
.02500 .50000 82.12
.02500 .52000 85.06
.02500 .54000 88.59
.02500 .56000 90.08
.02500 .58000 90.45
.02500 .60000 90.50
.02500 .62000 90.64
.02500 .64000 90.71
.02500 .66000 90.74
.02500 .68000 90.64
.02500 .70000 90.64
.02500 .72000 90.59
.02500 .74000 90.60
.02500 .76000 90.57
.02500 .78000 90.54
.02500 .80000 90.45
.02500 .82000 90.34
.02500 .84000 90.18
.02500 .86000 90.06
.02500 .88000 89.92
.02500 .90000 89.71
.02500 .92000 89.48
.02500 .94000 89.32
.02500 .96000 89.15
.02500 .98000 89.03
.02500 1.00000 89.00
.02600 0 65.89
.02600 .02000 66.35
.02600 .04000 67.00
.02600 .06000 67.13
.02600 .08000 67.53
.02600 .10000 67.99
.02600 .12000 68.05
.02600 .14000 68.26
.02600 .16000 68.63
.02600 .18000 68.79
.02600 .20000 69.37
.02600 .22000 69.23
.02600 .24000 69.74
.02600 .26000 70.21
.02600 .28000 70.99
.02600 .30000 71.53
.02600 .32000 72.13
.02600 .34000 72.86
.02600 .36000 72.56
.02600 .38000 72.76
.02600 .40000 73.14
.02600 .42000 73.67
.02600 .44000 75.83
.02600 .46000 78.74
.02600 .48000 81.09
.02600 .50000 82.56
.02600 .52000 85.02
.02600 .54000 88.55
.02600 .56000 90.01
.02600 .58000 90.31
.02600 .60000 90.49
.02600 .62000 90.54
.02600 .64000 90.61
.02600 .66000 90.64
.02600 .68000 90.64
.02600 .70000 90.50
.02600 .72000 90.47
.02600 .74000 90.52
.02600 .76000 90.45
.02600 .78000 90.39
.02600 .80000 90.31
.02600 .82000 90.30
.02600 .84000 90.21
.02600 .86000 90.07
.02600 .88000 89.96
.02600 .90000 89.83
.02600 .92000 89.61
.02600 .94000 89.40
.02600 .96000 89.07
.02600 .98000 88.99
.02600 1.00000 88.97
.02700 0 65.59
.02700 .02000 65.87
.02700 .04000 66.12
.02700 .06000 66.41
.02700 .08000 66.80
.02700 .10000 67.20
.02700 .12000 67.66
.02700 .14000 68.20
.02700 .16000 68.60
.02700 .18000 68.53
.02700 .20000 68.75
.02700 .22000 69.14
.02700 .24000 70.10
.02700 .26000 70.73
.02700 .28000 71.40
.02700 .30000 72.47
.02700 .32000 73.10
.02700 .34000 73.08
.02700 .36000 72.73
.02700 .38000 73.36
.02700 .40000 73.84
.02700 .42000 75.73
.02700 .44000 77.05
.02700 .46000 79.23
.02700 .48000 81.43
.02700 .50000 83.10
.02700 .52000 85.26
.02700 .54000 88.42
.02700 .56000 89.76
.02700 .58000 90.19
.02700 .60000 90.32
.02700 .62000 90.28
.02700 .64000 90.23
.02700 .66000 90.25
.02700 .68000 90.24
.02700 .70000 90.22
.02700 .72000 90.23
.02700 .74000 90.18
.02700 .76000 90.12
.02700 .78000 90.03
.02700 .80000 89.87
.02700 .82000 89.89
.02700 .84000 89.84
.02700 .86000 89.75
.02700 .88000 89.72
.02700 .90000 89.53
.02700 .92000 89.43
.02700 .94000 89.14
.02700 .96000 88.99
.02700 .98000 88.83
.02700 1.00000 88.80
.02800 0 65.48
.02800 .02000 65.68
.02800 .04000 66.08
.02800 .06000 66.30
.02800 .08000 66.74
.02800 .10000 67.20
.02800 .12000 67.35
.02800 .14000 67.49
.02800 .16000 67.82
.02800 .18000 68.35
.02800 .20000 69.22
.02800 .22000 69.85
.02800 .24000 70.64
.02800 .26000 71.31
.02800 .28000 72.19
.02800 .30000 72.87
.02800 .32000 73.53
.02800 .34000 73.09
.02800 .36000 72.60
.02800 .38000 73.24
.02800 .40000 75.02
.02800 .42000 76.24
.02800 .44000 77.74
.02800 .46000 80.32
.02800 .48000 81.88
.02800 .50000 83.29
.02800 .52000 85.39
.02800 .54000 88.16
.02800 .56000 89.51
.02800 .58000 90.13
.02800 .60000 90.26
.02800 .62000 90.20
.02800 .64000 90.12
.02800 .66000 90.13
.02800 .68000 90.05
.02800 .70000 90.14
.02800 .72000 90.15
.02800 .74000 90.10
.02800 .76000 89.91
.02800 .78000 89.82
.02800 .80000 89.76
.02800 .82000 89.70
.02800 .84000 89.68
.02800 .86000 89.61
.02800 .88000 89.49
.02800 .90000 89.34
.02800 .92000 89.15
.02800 .94000 89.02
.02800 .96000 88.82
.02800 .98000 88.80
.02800 1.00000 88.74
.02900 0 66.00
.02900 .02000 66.02
.02900 .04000 66.12
.02900 .06000 66.36
.02900 .08000 66.65
.02900 .10000 67.15
.02900 .12000 67.54
.02900 .14000 67.83
.02900 .16000 68.05
.02900 .18000 68.74
.02900 .20000 69.73
.02900 .22000 70.33
.02900 .24000 71.16
.02900 .26000 72.10
.02900 .28000 72.62
.02900 .30000 73.59
.02900 .32000 74.32
.02900 .34000 73.63
.02900 .36000 73.33
.02900 .38000 74.45
.02900 .40000 76.00
.02900 .42000 77.38
.02900 .44000 78.47
.02900 .46000 80.36
.02900 .48000 82.11
.02900 .50000 83.71
.02900 .52000 85.86
.02900 .54000 88.28
.02900 .56000 89.41
.02900 .58000 89.86
.02900 .60000 90.02
.02900 .62000 90.09
.02900 .64000 89.96
.02900 .66000 89.93
.02900 .68000 89.86
.02900 .70000 89.87
.02900 .72000 89.80
.02900 .74000 89.84
.02900 .76000 89.70
.02900 .78000 89.64
.02900 .80000 89.48
.02900 .82000 89.38
.02900 .84000 89.35
.02900 .86000 89.21
.02900 .88000 89.09
.02900 .90000 88.95
.02900 .92000 88.88
.02900 .94000 88.78
.02900 .96000 88.61
.02900 .98000 88.55
.02900 1.00000 88.60
.03000 0 66.84
.03000 .02000 66.74
.03000 .04000 66.65
.03000 .06000 66.94
.03000 .08000 67.18
.03000 .10000 67.42
.03000 .12000 67.75
.03000 .14000 68.27
.03000 .16000 68.66
.03000 .18000 69.41
.03000 .20000 70.27
.03000 .22000 71.21
.03000 .24000 72.05
.03000 .26000 72.93
.03000 .28000 73.72
.03000 .30000 74.38
.03000 .32000 74.64
.03000 .34000 74.48
.03000 .36000 74.28
.03000 .38000 75.44
.03000 .40000 77.15
.03000 .42000 77.93
.03000 .44000 78.82
.03000 .46000 80.79
.03000 .48000 82.73
.03000 .50000 83.92
.03000 .52000 85.99
.03000 .54000 88.18
.03000 .56000 89.39
.03000 .58000 89.71
.03000 .60000 90.04
.03000 .62000 90.04
.03000 .64000 89.93
.03000 .66000 89.92
.03000 .68000 89.93
.03000 .70000 89.89
.03000 .72000 89.76
.03000 .74000 89.72
.03000 .76000 89.74
.03000 .78000 89.52
.03000 .80000 89.49
.03000 .82000 89.44
.03000 .84000 89.35
.03000 .86000 89.30
.03000 .88000 89.13
.03000 .90000 89.06
.03000 .92000 88.94
.03000 .94000 88.78
.03000 .96000 88.60
.03000 .98000 88.60
.03000 1.00000 88.62
.03100 0 67.62
.03100 .02000 67.29
.03100 .04000 67.47
.03100 .06000 67.75
.03100 .08000 67.78
.03100 .10000 68.11
.03100 .12000 68.24
.03100 .14000 68.77
.03100 .16000 69.21
.03100 .18000 70.02
.03100 .20000 70.51
.03100 .22000 71.35
.03100 .24000 72.43
.03100 .26000 73.28
.03100 .28000 73.86
.03100 .30000 74.78
.03100 .32000 75.09
.03100 .34000 74.80
.03100 .36000 75.53
.03100 .38000 76.48
.03100 .40000 77.37
.03100 .42000 78.41
.03100 .44000 79.25
.03100 .46000 81.04
.03100 .48000 83.31
.03100 .50000 84.68
.03100 .52000 86.14
.03100 .54000 88.03
.03100 .56000 89.07
.03100 .58000 89.51
.03100 .60000 89.58
.03100 .62000 89.71
.03100 .64000 89.58
.03100 .66000 89.63
.03100 .68000 89.72
.03100 .70000 89.72
.03100 .72000 89.64
.03100 .74000 89.53
.03100 .76000 89.50
.03100 .78000 89.54
.03100 .80000 89.42
.03100 .82000 89.32
.03100 .84000 89.29
.03100 .86000 89.14
.03100 .88000 88.94
.03100 .90000 88.83
.03100 .92000 88.74
.03100 .94000 88.62
.03100 .96000 88.55
.03100 .98000 88.46
.03100 1.00000 88.45
.03200 0 68.73
.03200 .02000 68.29
.03200 .04000 68.30
.03200 .06000 68.44
.03200 .08000 68.30
.03200 .10000 68.58
.03200 .12000 68.67
.03200 .14000 69.11
.03200 .16000 69.79
.03200 .18000 70.38
.03200 .20000 71.20
.03200 .22000 72.04
.03200 .24000 72.58
.03200 .26000 73.39
.03200 .28000 74.37
.03200 .30000 74.91
.03200 .32000 75.05
.03200 .34000 75.41
.03200 .36000 75.80
.03200 .38000 76.86
.03200 .40000 77.88
.03200 .42000 79.27
.03200 .44000 80.06
.03200 .46000 81.80
.03200 .48000 83.66
.03200 .50000 84.85
.03200 .52000 86.22
.03200 .54000 88.16
.03200 .56000 89.26
.03200 .58000 89.23
.03200 .60000 89.27
.03200 .62000 89.33
.03200 .64000 89.30
.03200 .66000 89.28
.03200 .68000 89.38
.03200 .70000 89.33
.03200 .72000 89.23
.03200 .74000 89.18
.03200 .76000 89.10
.03200 .78000 89.12
.03200 .80000 89.13
.03200 .82000 89.08
.03200 .84000 88.96
.03200 .86000 88.88
.03200 .88000 88.74
.03200 .90000 88.76
.03200 .92000 88.65
.03200 .94000 88.68
.03200 .96000 88.63
.03200 .98000 88.55
.03200 1.00000 88.55
.03300 0 68.85
.03300 .02000 68.94
.03300 .04000 68.89
.03300 .06000 69.15
.03300 .08000 69.57
.03300 .10000 68.98
.03300 .12000 69.41
.03300 .14000 69.47
.03300 .16000 70.26
.03300 .18000 70.99
.03300 .20000 71.37
.03300 .22000 72.08
.03300 .24000 72.67
.03300 .26000 73.67
.03300 .28000 74.25
.03300 .30000 74.83
.03300 .32000 75.42
.03300 .34000 75.72
.03300 .36000 76.05
.03300 .38000 77.62
.03300 .40000 78.34
.03300 .42000 79.57
.03300 .44000 80.52
.03300 .46000 81.97
.03300 .48000 83.83
.03300 .50000 84.84
.03300 .52000 86.46
.03300 .54000 88.26
.03300 .56000 89.13
.03300 .58000 89.06
.03300 .60000 89.04
.03300 .62000 89.06
.03300 .64000 88.99
.03300 .66000 89.01
.03300 .68000 89.03
.03300 .70000 89.00
.03300 .72000 88.97
.03300 .74000 88.92
.03300 .76000 88.92
.03300 .78000 88.89
.03300 .80000 88.84
.03300 .82000 88.78
.03300 .84000 88.78
.03300 .86000 88.71
.03300 .88000 88.55
.03300 .90000 88.51
.03300 .92000 88.40
.03300 .94000 88.35
.03300 .96000 88.33
.03300 .98000 88.27
.03300 1.00000 88.31
.03400 0 69.36
.03400 .02000 69.58
.03400 .04000 70.00
.03400 .06000 69.85
.03400 .08000 69.89
.03400 .10000 69.81
.03400 .12000 70.22
.03400 .14000 70.47
.03400 .16000 70.96
.03400 .18000 70.82
.03400 .20000 71.75
.03400 .22000 72.47
.03400 .24000 73.25
.03400 .26000 73.63
.03400 .28000 74.72
.03400 .30000 75.53
.03400 .32000 76.43
.03400 .34000 76.59
.03400 .36000 76.96
.03400 .38000 78.71
.03400 .40000 79.57
.03400 .42000 80.20
.03400 .44000 81.00
.03400 .46000 82.60
.03400 .48000 84.59
.03400 .50000 85.36
.03400 .52000 86.67
.03400 .54000 88.34
.03400 .56000 89.04
.03400 .58000 89.21
.03400 .60000 88.92
.03400 .62000 88.83
.03400 .64000 88.80
.03400 .66000 88.85
.03400 .68000 88.82
.03400 .70000 88.82
.03400 .72000 88.78
.03400 .74000 88.75
.03400 .76000 88.71
.03400 .78000 88.68
.03400 .80000 88.61
.03400 .82000 88.54
.03400 .84000 88.47
.03400 .86000 88.44
.03400 .88000 88.26
.03400 .90000 88.22
.03400 .92000 88.16
.03400 .94000 88.13
.03400 .96000 88.14
.03400 .98000 88.17
.03400 1.00000 88.13
.03500 0 70.14
.03500 .02000 70.09
.03500 .04000 70.62
.03500 .06000 70.37
.03500 .08000 70.44
.03500 .10000 70.58
.03500 .12000 70.88
.03500 .14000 71.12
.03500 .16000 71.52
.03500 .18000 71.99
.03500 .20000 72.40
.03500 .22000 72.84
.03500 .24000 73.40
.03500 .26000 74.31
.03500 .28000 74.94
.03500 .30000 75.65
.03500 .32000 76.47
.03500 .34000 77.02
.03500 .36000 77.98
.03500 .38000 79.24
.03500 .40000 80.14
.03500 .42000 80.76
.03500 .44000 81.60
.03500 .46000 82.96
.03500 .48000 84.71
.03500 .50000 85.73
.03500 .52000 86.79
.03500 .54000 88.28
.03500 .56000 88.77
.03500 .58000 88.85
.03500 .60000 88.81
.03500 .62000 88.70
.03500 .64000 88.72
.03500 .66000 88.70
.03500 .68000 88.72
.03500 .70000 88.64
.03500 .72000 88.49
.03500 .74000 88.51
.03500 .76000 88.49
.03500 .78000 88.45
.03500 .80000 88.50
.03500 .82000 88.42
.03500 .84000 88.39
.03500 .86000 88.39
.03500 .88000 88.31
.03500 .90000 88.20
.03500 .92000 88.16
.03500 .94000 88.04
.03500 .96000 87.96
.03500 .98000 87.96
.03500 1.00000 88.04