.00100 87.48
.00200 88.14
.00300 88.35
.00400 88.62
.00500 88.97
.00600 89.33
.00700 89.77
.00800 89.74
.00900 89.74
.01000 89.76
.01100 89.85
.01200 89.86
.01300 89.77
.01400 89.78
.01500 89.84
.01600 89.79
.01700 89.87
.01800 89.61
.01900 89.55
.02000 89.54
.02100 89.44
.02200 89.08
.02300 88.74
.02400 88.43
.02500 88.20
.02600 87.83
.02700 87.43
.02800 87.33
.02900 86.91
.03000 86.64
.03100 86.12
.03200 86.06
.03300 85.84
.03400 85.47
.03500 85.11
.03600 84.62
.03700 84.12
.03800 83.85
.03900 83.44
.04000 83.09
.04100 82.85
.04200 82.73
.04300 82.12
.04400 81.98
.04500 81.43
.04600 81.31
.04700 81.09
.04800 80.71
.04900 80.27
.05000 80.00