.01000 88.11
.02000 88.12
.03000 88.13
.04000 88.13
.05000 88.13
.06000 88.13
.07000 88.13
.08000 88.13
.09000 88.13
.10000 88.19
.11000 88.21
.12000 88.21
.13000 88.21
.14000 88.21
.15000 88.22
.16000 88.23
.17000 88.24
.18000 88.25
.19000 88.31
.20000 88.32
.21000 88.37
.22000 88.47
.23000 88.58
.24000 88.66
.25000 88.70
.26000 88.72
.27000 88.73
.28000 88.76
.29000 88.78
.30000 88.84
.31000 88.92
.32000 88.93
.33000 88.92
.34000 88.96
.35000 88.97
.36000 88.99
.37000 88.99
.38000 89.04
.39000 89.08
.40000 89.08
.41000 89.11
.42000 89.09
.43000 89.15
.44000 89.15
.45000 89.16
.46000 89.18
.47000 89.22
.48000 89.23
.49000 89.26
.50000 89.28
.51000 89.30
.52000 89.30
.53000 89.37
.54000 89.38
.55000 89.40
.56000 89.41
.57000 89.44
.58000 89.46
.59000 89.46
.60000 89.58
.61000 89.58
.62000 89.64
.63000 89.67
.64000 89.68
.65000 89.70
.66000 89.70
.67000 89.74
.68000 89.75
.69000 89.81
.70000 89.84
.71000 89.83
.72000 89.80
.73000 89.78
.74000 89.76
.75000 89.78
.76000 89.81
.77000 89.81
.78000 89.78
.79000 89.73
.80000 89.72
.81000 89.64
.82000 89.60
.83000 89.54
.84000 89.43
.85000 89.31
.86000 89.30
.87000 89.00
.88000 88.68
.89000 88.42
.90000 87.91
.91000 87.22
.92000 86.29
.93000 84.44
.94000 81.27
.95000 76.29
.96000 65.70
.97000 47.77
.98000 21.32
.99000 0.00
1.00000 0.00