0.0 0.0 0.0 0.5665796995162964
0.0 0.0 7.850534915924072 0.5294634103775024
0.0 0.0 8.530956268310547 0.542636513710022
0.0 0.0 11.796278953552246 0.486837774515152
0.0 0.0 17.372407913208008 0.6204656362533569
0.0 0.0 138.22581481933594 0.4859612286090851
144.36007690429688 1.0 610.71435546875 0.8858906030654907
121.35569763183594 1.0 1125.977783203125 0.883875846862793
131.83804321289063 1.0 1455.2093505859375 0.9411040544509888
135.109375 1.0 1797.0555419921875 0.946734607219696
139.42401123046875 1.0 1969.4443359375 0.9700523018836975
141.59036254882813 1.0 1963.4647216796875 0.9684470295906067
146.53443908691406 1.0 1712.7421875 0.9463924169540405
148.4239959716797 1.0 1470.0740966796875 0.9232689738273621
153.41355895996094 1.0 1207.88232421875 0.9157000184059143
154.63670349121094 1.0 822.9721069335938 0.8770225048065186
152.14566040039063 1.0 453.3646240234375 0.7601890563964844
0.0 0.0 226.17868041992188 0.30626821517944336
0.0 0.0 126.3155746459961 0.28748542070388794
0.0 0.0 48.6730842590332 0.34359902143478394
0.0 0.0 43.653656005859375 0.5862155556678772
0.0 0.0 51.748714447021484 0.48702487349510193
0.0 0.0 134.20240783691406 0.7594707012176514
0.0 0.0 576.6673583984375 0.34778785705566406
0.0 0.0 592.8111572265625 0.419232577085495
0.0 0.0 334.4366149902344 0.3938272297382355
0.0 0.0 897.3483276367188 0.5926209688186646
181.03274536132813 1.0 1107.67626953125 0.6815142631530762
173.95408630371094 1.0 1073.092041015625 0.94212806224823
172.3659210205078 1.0 643.0382690429688 0.8881046175956726
171.45249938964844 1.0 525.0692138671875 0.9656990170478821
170.617919921875 1.0 732.2890014648438 0.9510817527770996
172.08670043945313 1.0 1042.48388671875 0.956186830997467
175.38156127929688 1.0 1195.5682373046875 0.9711998105049133
173.00686645507813 1.0 1267.5272216796875 0.9545373916625977
174.04925537109375 1.0 1274.32275390625 0.974861741065979
173.31640625 1.0 1329.4918212890625 0.9259814620018005
174.16940307617188 1.0 1323.7554931640625 0.9421440362930298
171.75355529785156 1.0 1291.7681884765625 0.9181005954742432
170.51414489746094 1.0 1246.015380859375 0.8767926096916199
170.2154083251953 1.0 1128.5550537109375 0.902357816696167
160.20094299316406 1.0 848.2747192382813 0.8937597870826721
153.80548095703125 1.0 496.9749755859375 0.8013086318969727
129.5583953857422 1.0 204.52088928222656 0.7070877552032471
0.0 0.0 35.2228889465332 0.6561063528060913
0.0 0.0 12.751205444335938 0.8001315593719482
0.0 0.0 6.282365322113037 0.28996002674102783
0.0 0.0 4.282660007476807 0.3450431823730469
0.0 0.0 3.6786930561065674 0.11487638205289841
0.0 0.0 14.929001808166504 0.5466554164886475
0.0 0.0 17.287309646606445 0.4397607445716858
0.0 0.0 165.26846313476563 0.33514243364334106
0.0 0.0 430.783447265625 0.583574652671814
0.0 0.0 270.22979736328125 0.2278154492378235
0.0 0.0 266.2088928222656 0.38672327995300293
0.0 0.0 443.0815734863281 0.34981510043144226
148.52796936035156 1.0 824.1356201171875 0.8075295686721802
139.6736297607422 1.0 1159.6396484375 0.8569172620773315
139.5534210205078 1.0 1468.2325439453125 0.976323664188385
141.35574340820313 1.0 1566.399658203125 0.9792296290397644
140.57069396972656 1.0 1665.733642578125 0.9838030338287354
138.67466735839844 1.0 1642.333740234375 0.9877974390983582
138.012451171875 1.0 1585.972900390625 0.8570542335510254
136.21641540527344 1.0 950.400390625 0.869096577167511
142.95779418945313 1.0 525.4715576171875 0.680456817150116
292.2574462890625 1.0 394.57635498046875 0.5423170328140259
291.9853210449219 1.0 215.42787170410156 0.48913857340812683
254.80250549316406 1.0 125.58977508544922 0.5005683302879333
261.70361328125 1.0 112.0539321899414 0.6300965547561646
254.8095703125 1.0 99.70648956298828 0.4116283655166626
247.68431091308594 1.0 68.67830657958984 0.5602781176567078
247.55064392089844 1.0 13.009307861328125 0.7080386877059937
0.0 0.0 5.051985263824463 0.0
0.0 0.0 59.415443420410156 0.24178482592105865
78.88080596923828 1.0 177.985107421875 0.6169756650924683
84.33045196533203 1.0 197.56634521484375 0.9187418222427368
100.42308044433594 1.0 263.9449462890625 0.9364023804664612
116.1187744140625 1.0 681.822509765625 0.7249091863632202
119.40931701660156 1.0 1207.949462890625 0.280070424079895
120.86835479736328 1.0 1043.667724609375 0.8939201235771179
120.03467559814453 1.0 1027.0794677734375 0.9454160928726196
122.73713684082031 1.0 995.3123168945313 0.9201482534408569
123.5519790649414 1.0 907.925537109375 0.9737722277641296
124.13790130615234 1.0 808.5054321289063 0.8669848442077637
124.39520263671875 1.0 658.883056640625 0.798368513584137
119.40728759765625 1.0 520.8657836914063 0.7487972378730774
116.92235565185547 1.0 287.61798095703125 0.7491835951805115
114.9608383178711 1.0 118.6627426147461 0.7049775123596191
0.0 0.0 23.10944366455078 0.3838176131248474
0.0 0.0 73.82434844970703 0.0
0.0 0.0 36.476463317871094 0.4929755628108978
0.0 0.0 19.48451042175293 0.0
0.0 0.0 19.17009925842285 0.21054494380950928
0.0 0.0 27.124948501586914 0.0
0.0 0.0 92.45291137695313 0.30598002672195435
0.0 0.0 497.5658264160156 0.37436550855636597
0.0 0.0 462.0222473144531 0.353532612323761
0.0 0.0 930.213134765625 0.43268731236457825
0.0 0.0 1379.993896484375 0.5449607968330383
0.0 0.0 652.4833984375 0.6957780122756958
0.0 0.0 369.84210205078125 0.3712686598300934
0.0 0.0 290.7956848144531 0.39967936277389526
0.0 0.0 421.096435546875 0.6037123799324036
129.43075561523438 1.0 593.9530029296875 0.7384659051895142
125.0289306640625 1.0 639.7001342773438 0.8485966920852661
123.68148803710938 1.0 802.7566528320313 0.9125952124595642
120.25732421875 1.0 946.5244140625 0.9386844038963318
117.6553726196289 1.0 1098.632080078125 0.9835972785949707
113.30684661865234 1.0 1175.78466796875 0.9686842560768127
112.64922332763672 1.0 1147.0018310546875 0.9665415287017822
108.6765365600586 1.0 1075.24609375 0.9852175116539001
106.38387298583984 1.0 1004.731689453125 0.9939494729042053
102.87098693847656 1.0 981.4226684570313 0.9773569703102112
99.28778839111328 1.0 962.6898193359375 0.9620953798294067
95.85498809814453 1.0 905.480712890625 0.9757863879203796
92.60592651367188 1.0 738.8018188476563 0.9813100099563599
90.51368713378906 1.0 572.2034301757813 0.9628533124923706
93.75054168701172 1.0 429.41766357421875 0.9350666403770447
93.99430847167969 1.0 333.98101806640625 0.9488278031349182
95.18721771240234 1.0 278.7923278808594 0.8936793208122253
91.1499252319336 1.0 238.81568908691406 0.9180371761322021
91.55531311035156 1.0 230.5268096923828 0.8734701871871948
90.7922592163086 1.0 216.28445434570313 0.9094052314758301
95.2833251953125 1.0 193.29010009765625 0.8632919788360596
87.6068115234375 1.0 205.8559112548828 0.6581913232803345
85.36465454101563 1.0 223.56201171875 0.6717695593833923
97.2574462890625 1.0 156.10702514648438 0.5584443807601929
0.0 0.0 95.74681091308594 0.38771897554397583
0.0 0.0 101.83509063720703 0.6242468953132629
0.0 0.0 95.7652359008789 0.5805864334106445
0.0 0.0 77.84696197509766 0.8212281465530396
0.0 0.0 101.11305236816406 0.581908106803894
0.0 0.0 94.42509460449219 0.7016549706459045
0.0 0.0 82.0208511352539 0.6857315897941589
0.0 0.0 47.007057189941406 0.7015535235404968
0.0 0.0 28.748422622680664 0.3297055661678314
0.0 0.0 19.826396942138672 0.3893924951553345
0.0 0.0 18.080604553222656 0.3946370482444763
0.0 0.0 9.25363540649414 0.7011923789978027
0.0 0.0 8.301275253295898 0.4601667821407318
0.0 0.0 7.264968395233154 0.48325082659721375
0.0 0.0 3.425504207611084 0.37438976764678955
0.0 0.0 3.0588040351867676 0.3266966938972473
0.0 0.0 3.4526500701904297 0.05294708535075188
0.0 0.0 6.219351291656494 0.0
0.0 0.0 6.507527828216553 0.0
0.0 0.0 3.2767350673675537 0.0
