-100
-100
-100
-6.64382
-1.73086
1.80166
3.67334
3.40711
1.74243
-1.14161
-4.08661
-11.1532
-23.0549
-100
-14.6082
-10.3478
-6.01431
-3.73522
-1.87994
-3.04642
-4.3223
-2.73381
-0.313458
0.977703
0.171991
0.284906
-0.664076
-3.3398
-7.14457
-19.23
-100
-100
-100
-30.1784
-15.5016
-11.0064
-6.55453
-1.69212
0.737516
2.1514
2.43795
-0.411576
-2.62632
-10.633
-14.5071
-24.4717
-27.2982
-100
-21.8567
-19.1992
-13.262
-4.86141
-2.85102
-0.690008
-1.2262
-3.73255
-8.33165
-11.5294
-18.8484
-49.1407
-36.0224
-100
-27.939
-14.1268
-2.77487
-4.63025
-1.16784
-9.40263
-9.31667
-6.25746
-3.12737
-0.0875817
-1.78859
-2.17487
-0.2619
-2.17205
-5.45005
-6.7594
-8.03822
-14.9732
-14.1572
-19.1886
-17.8273
-17.5546
-19.6409
-100
-100
-100
-100
-100
-100
-100
-100
-100
-100
-100
-100
-100
