0
0
0
0.986023
0.952072
0.963299
0.953328
0.959509
0.945398
0.954743
0.947924
0.93439
0.429214
0
0.467283
0.724958
0.788566
0.92495
0.95218
0.949136
0.950288
0.952158
0.947958
0.942775
0.94727
0.943747
0.958925
0.947313
0.95271
0.930786
0
0
0
0.260966
0.942086
0.916266
0.9413
0.956591
0.963864
0.962375
0.958881
0.959065
0.963555
0.95206
0.958421
0.780006
0.659087
0
0.787935
0.914595
0.922808
0.961432
0.960346
0.966455
0.96774
0.9572
0.95654
0.889266
0.814538
0
0
0
0.596111
0.552493
0.898314
0.962494
0.981015
0.921963
0.93685
0.951337
0.968248
0.963493
0.957294
0.957648
0.952564
0.954047
0.943157
0.957695
0.952828
0.934774
0.920622
0.883272
0.934614
0.913435
0.816375
0
0
0
0
0
0
0
0
0
0
0
0
0
