0
0
0
0
0
121.212
131.579
137.931
142.857
147.059
153.846
153.846
153.846
153.846
153.846
153.846
155.039
156.25
173.913
173.913
173.913
173.913
173.913
173.913
173.913
173.913
173.913
173.913
173.913
173.913
173.913
173.913
173.913
173.913
173.913
173.913
173.913
173.913
173.913
173.913
173.913
173.913
173.913
173.913
173.913
173.913
173.913
173.913
173.913
173.913
173.913
173.913
173.913
173.913
173.913
173.913
173.913
173.913
173.913
173.913
173.913
173.913
173.913
173.913
173.913
173.913
173.913
173.913
173.913
173.913
173.913
173.913
173.913
173.913
173.913
173.913
173.913
173.913
173.913
173.913
173.913
173.913
173.913
173.913
173.913
173.913
173.913
173.913
173.913
173.913
173.913
173.913
173.913
173.913
173.913
173.913
173.913
173.913
0
0
0
