0
0
0
0
0
121.212
131.579
137.931
142.857
147.059
153.846
155.039
149.254
0
0
0
155.039
156.25
188.679
173.913
173.913
170.94
172.414
173.913
173.913
86.9565
172.414
170.94
161.29
151.515
0
0
0
0
0
0
0
0
143.885
139.86
139.86
139.86
138.889
136.986
136.054
0
0
0
0
0
0
100.503
0
118.343
120.482
123.457
123.457
119.76
121.212
0
0
0
0
0
0
0
99.0099
0
0
129.87
124.224
122.699
119.048
112.994
108.696
105.263
99.5025
93.0233
90.4977
93.8967
94.7867
91.3242
90.9091
95.2381
86.5801
0
0
0
0
0
0
0
0
0
0
0
0
0
0
0
0
