0
0
0
0
0
121.212
131.579
137.931
142.857
147.059
153.846
153.846
149.254
0
0
0
155.039
156.25
173.913
173.913
173.913
172.414
172.414
173.913
173.913
172.414
170.94
170.94
161.29
151.515
0
0
0
0
0
0
0
0
139.86
139.86
139.86
139.86
138.889
136.986
136.054
0
0
0
0
0
0
0
100.503
118.343
120.482
123.457
123.457
121.212
119.76
0
0
0
0
0
0
0
0
0
0
124.224
124.224
122.699
119.048
112.994
108.696
105.263
99.5025
93.0233
93.0233
93.8967
93.8967
91.3242
91.3242
90.9091
86.5801
0
0
0
0
0
0
0
0
0
0
0
0
0
0
0
0
