0
0
0
0
0
121.212
131.579
131.579
131.579
131.579
131.579
131.579
131.579
131.579
131.579
131.579
155.039
156.25
170.94
170.94
170.94
170.94
170.94
170.94
170.94
170.94
170.94
170.94
161.29
151.515
0
0
0
0
0
0
0
0
136.054
136.054
136.054
136.054
136.054
136.054
136.054
100.503
100.503
100.503
100.503
100.503
100.503
100.503
100.503
100.503
100.503
100.503
100.503
100.503
100.503
0
0
0
0
0
0
0
0
0
0
105.263
105.263
105.263
105.263
105.263
105.263
105.263
99.5025
95.2381
95.2381
95.2381
95.2381
95.2381
95.2381
95.2381
86.5801
0
0
0
0
0
0
0
0
0
0
0
0
0
0
0
0
