0
0
0
0.18719
0.2863
0.333521
0.41287
0.411363
0.321518
0.372999
0.338724
0.258717
0.165163
0
0.019823
0.0463836
0.140327
0.372318
0.403001
0.415
0.4197
0.489387
0.49227
0.529889
0.454522
0.448243
0.448632
0.347203
0.279453
0
0
0
0
0
0.00429274
0.0502188
0.264392
0.323552
0.426529
0.408811
0.374755
0.296123
0.181304
0.223349
0.0415515
0.0326232
0.0308046
0
0.787935
0.165077
0.132162
0.0670812
0.256987
0.312702
0.329913
0.314747
0.23391
0.117816
0
0
0
0
0.596111
0.0773451
0.101938
0.184182
0.11733
0.096027
0.107063
0.222001
0.312139
0.1892
0.289146
0.226855
0.125126
0.148388
0.206896
0.178268
0.196211
0.250596
0.178251
0.277226
0.147902
0.145627
0.127217
0
0
0
0
0
0
0
0
0
0
0
0
0
