0
1.12562
4.34807
9.34793
15.7119
22.9605
30.5933
38.1432
45.2427
51.6319
57.0934
61.5238
64.8918
67.2682
68.7999
69.71
70.2687
70.7645
71.5073
72.7233
74.6043
77.2607
80.7147
84.9128
89.7403
95.0285
100.564
106.083
111.294
115.88
119.539
122.017
123.134
122.804
121.025
117.88
113.517
108.179
102.137
95.714
89.2627
83.0808
77.4403
72.5127
68.4124
65.1351
62.6211
60.7174
59.2534
58.044
56.891
55.6207
54.0874
52.1168
49.57
46.378
42.502
37.983
32.9442
27.5987
22.2241
17.1504
12.7206
9.24255
6.95093
5.99359
6.40282
8.09448
10.8902
14.5486
18.79
23.3277
27.8924
32.2497
36.2223
39.6823
42.5487
44.7951
46.4481
47.5829
48.3297
48.8282
49.2484
49.7494
50.4776
51.538
52.994
54.8688
57.1411
59.7584
62.6376
65.6696
68.7174
71.6227
74.2176
76.3365
77.8322
78.5986
78.5764
77.7545
76.1723
73.9111
71.0979
67.89
64.4682
61.0083
57.6802
54.6337
51.9775
49.771
48.0178
46.691
45.7271
45.0297
44.4948
44.0088
43.46
42.7509
41.7823
40.4725
38.7733
36.6652
34.1677
31.3487
28.3189
25.228
22.2527
19.5791
17.3863
15.8227
14.9905
14.938
15.6507
17.0571
19.0433
21.4581
24.1413
26.9202
29.6434
32.1903
34.4633
36.3992
37.9724
39.1889
40.0898
40.7383
41.2178
41.6208
42.0426
42.57
43.2791
44.2275
45.4484
46.9511
48.7212
50.7181
52.879
55.1147
57.3188
59.372
61.1519
62.5443
63.4548
63.8176
63.604
62.8214
61.5176
59.7729
57.6946
55.407
53.0418
50.7253
48.567
46.6537
45.0421
43.7532
42.7776
42.079
41.5943
41.2421
40.9282
40.5535
40.0205
39.2366
38.1226
36.6197
34.7016
32.3802
29.7077
26.7771
23.7203
20.6994
0
1.10814
4.31883
9.37402
15.9039
23.4482
31.5035
39.5847
47.2318
54.0725
59.8275
64.3203
67.4932
69.4047
70.2108
70.1346
69.5087
68.7043
68.1015
68.0229
68.7364
70.432
73.2399
77.1214
81.9497
87.511
93.5266
99.651
105.503
110.711
114.93
117.858
119.279
119.054
117.206
113.878
109.247
103.645
97.4807
91.1688
85.0633
79.476
74.6462
70.6776
67.5749
65.234
63.5047
62.2118
61.1659
60.1523
58.9972
57.5355
55.667
53.2729
50.292
46.6972
42.4986
37.7611
32.6186
27.269
21.9633
16.9932
12.654
9.21864
6.90861
5.87824
6.18958
7.80856
10.6039
14.3665
18.8298
23.692
28.6456
33.4015
37.711
41.3811
44.29
46.3758
47.6473
48.2092
48.1946
47.7888
47.2012
46.651
46.3652
46.525
47.2281
48.5742
50.5698
53.1338
56.1846
59.5594
63.0517
66.4688
69.5846
72.1929
74.1206
75.2362
75.4514
74.7489
73.1998
70.9041
68.0362
64.7953
61.3956
58.0321
54.9132
52.1634
49.8507
48.0217
46.629
45.6151
44.8897
44.3451
43.8716
43.3526
42.7134
41.865
40.7461
39.3054
37.5097
35.3524
32.8658
30.1058
27.1666
24.1777
21.298
18.697
16.5389
14.9712
14.1053
14.0085
14.6937
16.1121
18.1654
20.7087
23.5741
26.5699
29.5131
32.2406
34.6299
36.5917
38.08
39.0951
39.6861
39.9331
39.9386
39.8208
39.7081
39.7158
39.9521
40.4954
41.4019
42.6942
44.3557
46.3478
48.5891
50.9832
53.3985
55.7019
57.7519
59.4152
60.5858
61.1838
61.1632
60.529
59.3321
57.659
55.6246
53.3676
51.0251
48.7306
46.6034
44.7248
43.1469
41.8893
40.934
40.242
39.7475
39.3769
39.0427
38.6618
38.1363
37.3877
36.3481
34.9624
33.1973
31.0561
28.5747
25.8241
22.9156
19.9946
0
1.0287
3.98407
8.61652
14.5759
21.4725
28.8388
36.2618
43.3584
49.8502
55.5502
60.3279
64.1829
67.1743
69.4376
71.1245
72.3993
73.459
74.4955
75.6683
77.1713
79.0738
81.3954
84.1328
87.1837
90.4182
93.7108
96.8873
99.7539
102.214
104.13
105.33
105.688
105.056
103.398
100.725
97.1822
92.9348
88.2061
83.2535
78.3493
73.713
69.5161
65.8647
62.8113
60.3819
58.5197
57.1312
56.1019
55.2515
54.4006
53.3587
51.967
50.052
47.5137
44.3246
40.4957
36.1013
31.2725
26.2217
21.1941
16.4808
12.3749
9.12614
6.92691
5.89075
6.04803
7.3495
9.66451
12.8185
16.5927
20.7471
25.0279
29.2186
33.1279
36.6262
39.6162
42.0872
44.0448
45.5492
46.6887
47.5414
48.2193
48.8245
49.4622
50.2321
51.1935
52.387
53.8113
55.4398
57.2161
59.0713
60.9089
62.6512
64.1942
65.4638
66.3949
66.8804
66.8587
66.2773
65.1388
63.4844
61.394
58.9735
56.364
53.7049
51.1252
48.7356
46.6123
44.8052
43.3353
42.1995
41.3589
40.7454
40.2708
39.8376
39.3427
38.69
37.7849
36.5732
35.0029
33.0753
30.8189
28.2982
25.608
22.8721
20.2351
17.85
15.8623
14.3945
13.5333
13.3266
13.783
14.8567
16.4751
18.5229
20.8722
23.3784
25.8998
28.317
30.5257
32.4647
34.0874
35.401
36.4211
37.2018
37.8085
38.3079
38.7705
39.2642
39.8528
40.5906
41.5068
42.6196
43.9216
45.3894
46.9828
48.6486
50.3188
51.9117
53.3456
54.5435
55.4238
55.9165
55.9761
55.583
54.7477
53.5133
51.9448
50.1344
48.1868
46.2074
44.2934
42.5235
40.9616
39.6411
38.5757
37.7525
37.1299
36.6492
36.2348
35.8042
35.2683
34.5488
33.571
32.2842
30.6567
28.6884
26.4093
23.8834
21.208
18.5111
0
1.04138
4.01719
8.64877
14.5574
21.3147
28.4622
35.5859
42.3513
48.4905
53.8067
58.1993
61.6592
64.2815
66.2183
67.6786
68.9364
70.2337
71.7983
73.8062
76.3652
79.512
83.2359
87.4742
92.1349
97.098
102.199
107.232
111.95
116.09
119.4
121.67
122.741
122.528
121.015
118.254
114.356
109.508
103.942
97.9305
91.7824
85.7821
80.1794
75.1318
70.7454
67.0346
63.9844
61.4985
59.4561
57.7038
56.118
54.5515
52.8277
50.784
48.2729
45.199
41.51
37.2273
32.4567
27.3855
22.2696
17.401
13.0949
9.63517
7.24917
6.0875
6.19532
7.5178
9.90675
13.1574
17.0288
21.2437
25.5479
29.7237
33.5992
37.0475
39.9789
42.3623
44.2327
45.6596
46.7474
47.6408
48.4762
49.3901
50.4886
51.847
53.503
55.4584
57.6973
60.1786
62.8452
65.6186
68.401
71.0664
73.4793
75.4997
77.0015
77.8856
78.0852
77.5752
76.367
74.513
72.1012
69.2528
66.1128
62.8394
59.5996
56.5243
53.7226
51.2616
49.178
47.4661
46.0949
44.9955
44.0963
43.3113
42.5562
41.7425
40.7693
39.5554
38.0372
36.1754
33.9631
31.4377
28.6802
25.8116
22.9798
20.3527
18.0939
16.3507
15.2367
14.8205
15.1205
16.0987
17.6727
19.7259
22.1171
24.6939
27.3108
29.8396
32.1798
34.2604
36.0388
37.5086
38.6939
39.6433
40.419
41.095
41.7491
42.4509
43.2636
44.2345
45.3964
46.7651
48.3398
50.1008
52.0105
54.0118
56.0261
57.9598
59.7098
61.1737
62.2619
62.9015
63.0455
62.6778
61.8152
60.5041
58.8201
56.8568
54.7205
52.5226
50.3644
48.3332
46.4937
44.8882
43.5336
42.4234
41.5278
40.7998
40.1789
39.5933
38.9637
38.2089
37.2457
36.0054
34.4394
32.5222
30.2639
27.7117
24.9536
22.1125
0
1.0049
3.92115
8.5253
14.4889
21.4031
28.8283
36.325
43.4906
49.9996
55.6168
60.1904
63.655
66.0591
67.51
68.2117
68.4367
68.4863
68.6808
69.302
70.6041
72.7493
75.7894
79.6934
84.334
89.5287
95.0317
100.56
105.79
110.394
114.097
116.642
117.863
117.644
115.983
112.985
108.828
103.797
98.2296
92.4486
86.8202
81.6126
76.9967
73.0565
69.7865
67.101
64.8773
62.9771
61.2252
59.5015
57.6455
55.5919
53.2566
50.5363
47.3803
43.7632
39.707
35.2586
30.5027
25.606
20.7641
16.2249
12.2439
9.064
6.89068
5.86484
6.05452
7.4393
9.90813
13.2825
17.3304
21.7849
26.3726
30.8318
34.9355
38.5244
41.4805
43.7411
45.3334
46.2754
46.7062
46.7861
46.6947
46.626
46.7773
47.2838
48.2538
49.7497
51.7537
54.2128
57.0347
60.0894
63.2163
66.2504
69.0147
71.3424
73.0845
74.1325
74.4061
73.8856
72.6172
70.6703
68.1851
65.3207
62.262
59.1937
56.2862
53.648
51.3479
49.4149
47.823
46.5174
45.4427
44.4899
43.604
42.7062
41.7294
40.6193
39.3253
37.805
36.0295
33.9907
31.6856
29.1609
26.4812
23.7496
21.0937
18.6588
16.5918
15.0309
14.0843
13.8243
14.2744
15.4053
17.1356
19.3487
21.8994
24.6237
27.3561
29.9483
32.2872
34.2896
35.9079
37.1314
37.9938
38.5559
38.9
39.1175
39.3068
39.5832
40.0339
40.7188
41.6931
42.9777
44.5593
46.4029
48.4561
50.6219
52.8097
54.9099
56.7975
58.368
59.5302
60.2104
60.361
59.9765
59.0908
57.7592
56.0741
54.14
52.0705
49.985
47.9775
46.1239
44.4739
43.0501
41.848
40.8453
39.9978
39.2583
38.5788
37.8875
37.1225
36.2175
35.1114
33.7535
32.1037
30.148
27.8988
25.4012
22.7368
20.0204
0
0.919857
3.5692
7.72421
13.0921
19.3088
25.9932
32.8059
39.4222
45.6057
51.1774
56.0691
60.2637
63.7991
66.7538
69.2332
71.3652
73.2793
75.1175
76.9878
78.9806
81.1448
83.4755
85.939
88.5083
91.1242
93.6635
96.0269
98.1435
99.9815
101.428
102.35
102.613
102.082
100.726
98.5302
95.5605
91.9396
87.8583
83.5309
79.1611
74.9334
70.9884
67.4149
64.2734
61.5735
59.2886
57.3585
55.6972
54.1908
52.7105
51.1368
49.3307
47.188
44.6323
41.6008
38.0675
34.0653
29.6724
25.042
20.4
16.0085
12.1391
9.03645
6.88469
5.78862
5.77529
6.80086
8.76191
11.5133
14.8652
18.6164
22.5587
26.502
30.2755
33.7616
36.8857
39.6033
41.9204
43.8703
45.5006
46.8733
48.0597
49.1318
50.1655
51.2304
52.3554
53.5646
54.8517
56.2034
57.5978
59.0012
60.3637
61.625
62.7491
63.7138
64.4423
64.8531
64.8792
64.4727
63.6158
62.3138
60.6253
58.6212
56.4036
54.0878
51.7786
49.5531
47.4914
45.6372
44.0126
42.6206
41.4382
40.4272
39.5384
38.7075
37.8639
36.9547
35.9042
34.6604
33.1864
31.4578
29.4775
27.2691
24.895
22.443
20.0338
17.8002
15.8764
14.3792
13.3996
12.9944
13.1823
13.9439
15.222
16.9344
18.9697
21.2091
23.5322
25.833
28.0172
30.0209
31.8012
33.3495
34.6738
35.7998
36.765
37.6152
38.4012
39.1667
39.9553
40.8068
41.7459
42.7862
43.9378
45.1926
46.5381
47.9429
49.3551
50.7164
51.9755
53.0709
53.9255
54.4755
54.6736
54.4898
53.9201
52.9901
51.7405
50.2388
48.5642
46.7998
45.0265
43.312
41.7117
40.2645
38.9888
37.8859
36.9393
36.1172
35.3742
34.6552
33.9036
33.0513
32.0428
30.8236
29.355
27.6207
25.6243
23.3987
21.0064
18.5415
0
0.860758
3.33059
7.19272
12.1507
17.8617
23.9925
30.2348
36.2929
41.9381
47.0211
51.4501
55.2217
58.3905
61.0546
63.3695
65.5052
67.6403
69.9328
72.4984
75.4154
78.7182
82.3878
86.3754
90.6109
95.0042
99.4345
103.745
107.754
111.268
114.086
116.037
116.984
116.835
115.558
113.167
109.771
105.537
100.712
95.5153
90.1771
84.9593
80.0078
75.4328
71.3177
67.6446
64.3866
61.4914
58.8885
56.4958
54.2037
51.9455
49.6354
47.1661
44.4269
41.3262
37.8056
33.8717
29.5793
25.0607
20.5272
16.2234
12.4017
9.29921
7.1018
5.92554
5.80587
6.70486
8.5203
11.0981
14.2494
17.7798
21.4957
25.213
28.7756
32.0666
35.0066
37.5665
39.7514
41.5979
43.1781
44.5784
45.8963
47.225
48.6436
50.2121
51.9593
53.892
55.9941
58.2408
60.5928
62.9961
65.388
67.6857
69.7842
71.575
72.9514
73.8295
74.1449
73.8639
72.9775
71.5157
69.5537
67.1863
64.5361
61.7427
58.9256
56.1868
53.613
51.2615
49.1614
47.3145
45.7092
44.3015
43.0498
41.9003
40.7897
39.6674
38.4716
37.1357
35.6004
33.8253
31.7986
29.5378
27.0896
24.5427
22.016
19.639
17.5489
15.8751
14.7176
14.1435
14.1766
14.8009
15.9625
17.5793
19.5406
21.727
24.0184
26.3058
28.4965
30.5222
32.3414
33.94
35.3268
36.5314
37.5966
38.5718
39.5102
40.4618
41.4713
42.5711
43.7831
45.1175
46.5809
48.1598
49.8319
51.5604
53.2966
54.9753
56.5215
57.8612
58.917
59.6249
59.9378
59.8284
59.2964
58.3659
57.0871
55.5293
53.7743
51.908
50.0093
48.1545
46.398
44.7775
43.315
42.0115
40.8568
39.8264
38.8863
37.9913
37.0937
36.1368
35.0626
33.8176
32.3536
30.6404
28.6697
26.4616
24.0671
21.5688
0
0.862916
3.37524
7.35777
12.5434
18.5944
25.1517
31.8578
38.3858
44.4613
49.8656
54.4589
58.1468
60.9433
62.9198
64.2449
65.14
65.8907
66.7424
67.8992
69.5698
71.8732
74.8395
78.4589
82.6381
87.2149
92.0033
96.7678
101.272
105.297
108.606
110.992
112.315
112.472
111.435
109.244
106.025
101.969
97.3243
92.3271
87.2325
82.2967
77.6899
73.5038
69.7772
66.48
63.5496
60.904
58.4671
56.1709
53.902
51.5626
49.0479
46.2796
43.213
39.8177
36.0858
32.0718
27.8438
23.5297
19.2806
15.2825
11.7427
8.85235
6.79136
5.68746
5.61306
6.57582
8.50746
11.2758
14.7018
18.5716
22.6649
26.7701
30.6955
34.282
37.4085
39.9978
42.0078
43.4629
44.4281
45.0196
45.3918
45.7064
46.1108
46.7348
47.6876
49.0205
50.7333
52.8148
55.1974
57.781
60.4527
63.0891
65.5515
67.7184
69.4533
70.6512
71.2482
71.2051
70.5193
69.2094
67.3619
65.0948
62.5227
59.8137
57.0925
54.4632
52.0218
49.8174
47.8704
46.1549
44.644
43.2925
42.0546
40.8864
39.726
38.5069
37.1837
35.6993
34.0193
32.1364
30.0557
27.7959
25.4151
22.9857
20.6006
18.3873
16.4539
14.9197
13.8845
13.4168
13.5604
14.3079
15.6103
17.3886
19.5321
21.9122
24.4002
26.8653
29.1943
31.3038
33.1374
34.6632
35.8749
36.7998
37.4943
38.0277
38.4848
38.9459
39.4835
40.167
41.0461
42.1423
43.4665
44.9987
46.7034
48.5165
50.3707
52.1898
53.8816
55.363
56.5521
57.3764
57.7953
57.7865
57.3422
56.4877
55.2764
53.7754
52.067
50.2429
48.3856
46.5656
44.8486
43.2745
41.8576
40.6058
39.4948
38.4928
37.567
36.6744
35.7505
34.7451
33.6068
32.2859
30.7522
28.987
26.9874
24.7882
22.4416
20.0217
0
0.853138
3.29651
7.1169
12.0568
17.8066
24.0542
30.4916
36.8756
42.9735
48.6288
53.7433
58.2834
62.2397
65.7036
68.734
71.4117
73.8446
76.0866
78.199
80.2058
82.1474
84.0602
85.984
87.8866
89.7724
91.6397
93.4022
94.9798
96.2101
97.0024
97.3082
97.055
96.2063
94.7389
92.6944
90.1223
87.0921
83.7247
80.1387
76.4841
72.8977
69.4891
66.343
63.4821
60.9252
58.6468
56.5956
54.7161
52.9307
51.1476
49.3084
47.3075
45.051
42.4623
39.468
36.0452
32.2258
28.1008
23.808
19.5318
15.4856
11.8945
8.96946
6.88413
5.75231
5.62104
6.46018
8.17544
10.633
13.676
17.1257
20.7974
24.5437
28.2302
31.7407
34.9904
37.9297
40.5367
42.8187
44.8118
46.5455
48.0768
49.4491
50.6905
51.8393
52.915
53.9434
54.9481
55.9384
56.9126
57.8811
58.8422
59.7614
60.5749
61.2294
61.6579
61.8293
61.7066
61.2485
60.452
59.3288
57.9157
56.2654
54.4379
52.5074
50.5589
48.6624
46.867
45.2138
43.7221
42.3818
41.1819
40.0928
39.0805
38.1061
37.1281
36.0998
34.9779
33.7152
32.2736
30.6259
28.7635
26.7044
24.4959
22.2123
19.949
17.8193
15.9425
14.429
13.3711
12.8328
12.8446
13.3935
14.4406
15.9088
17.7087
19.7459
21.9064
24.1009
26.2473
28.2844
30.1669
31.8657
33.3768
34.7088
35.8853
36.932
37.8855
38.7754
39.632
40.484
41.3514
42.2611
43.2294
44.2693
45.3707
46.5197
47.6923
48.8468
49.9263
50.8621
51.6006
52.0959
52.3052
52.2019
51.7806
51.0581
50.0744
48.8677
47.5012
46.0331
44.5306
43.0521
41.6395
40.3204
39.1127
38.015
37.0192
36.1042
35.242
34.3942
33.5212
32.5763
31.5141
30.2948
28.8788
27.2423
25.3793
23.3133
21.0905
18.7853
0
0.762885
2.96921
6.45183
10.9824
16.2762
22.0303
27.9566
33.7828
39.31
44.4048
48.9876
53.0383
56.5864
59.6939
62.4472
64.9526
67.3204
69.6632
72.0999
74.7333
77.6873
81.0402
84.7468
88.7387
92.9225
97.1047
101.11
104.741
107.786
110.067
111.424
111.757
111.033
109.33
106.743
103.439
99.6238
95.4895
91.1999
86.9462
82.8242
78.8933
75.2005
71.8081
68.7163
65.8896
63.2804
60.7874
58.3545
55.8628
53.2237
50.3455
47.1535
43.6252
39.7841
35.6647
31.3384
26.913
22.532
18.3486
14.5204
11.2154
8.56849
6.70429
5.70794
5.62255
6.43548
8.08248
10.444
13.3669
16.6801
20.205
23.7781
27.2614
30.5381
33.5395
36.2318
38.6046
40.675
42.481
44.0804
45.5392
46.9172
48.285
49.7101
51.2779
53.0359
54.998
57.1702
59.4728
61.8365
64.18
66.3636
68.2819
69.8454
70.947
71.5117
71.5232
70.9678
69.8898
68.3609
66.4646
64.3177
62.0156
59.6542
57.3265
55.0956
53.005
51.0702
49.3177
47.7507
46.3396
45.0456
43.8165
42.6055
41.3518
39.9919
38.4764
36.7538
34.8357
32.7151
30.4035
27.9605
25.4494
22.9514
20.5537
18.3665
16.493
15.0208
14.0195
13.5476
13.6271
14.2483
15.3608
16.8871
18.7405
20.8191
23.0166
25.2288
27.3697
29.376
31.21
32.8508
34.2969
35.5626
36.6842
37.6975
38.6489
39.5848
40.5458
41.5754
42.7129
43.9791
45.3859
46.9261
48.5598
50.2463
51.9272
53.5323
54.9838
56.2118
57.1473
57.7318
57.9328
57.7422
57.1776
56.2727
55.0842
53.6724
52.1067
50.4644
48.8052
47.1887
45.6532
44.2318
42.9364
41.7692
40.7134
39.7338
38.8014
37.8695
36.8858
35.7994
34.5562
33.117
31.4641
29.5817
27.4815
25.1991
22.796
20.3445
0
0.872701
3.40863
7.42745
12.66
18.7555
25.3385
32.0273
38.466
44.378
49.5767
53.9888
57.6397
60.6149
63.0125
64.9745
66.6466
68.1451
69.6085
71.1894
73.0186
75.2035
77.8474
81.0221
84.695
88.7848
93.1743
97.6404
101.969
105.919
109.243
111.753
113.292
113.767
113.174
111.559
109.044
105.742
101.794
97.3517
92.5855
87.6455
82.6895
77.8867
73.3679
69.2221
65.5068
62.2243
59.3526
56.7706
54.3506
51.9566
49.4866
46.8017
43.8287
40.5243
36.8355
32.821
28.5504
24.1554
19.8213
15.7392
12.1133
9.13748
6.99577
5.82474
5.69463
6.61086
8.50788
11.2535
14.6672
18.5316
22.615
26.6861
30.5418
34.0278
37.0489
39.5792
41.6358
43.278
44.5733
45.6049
46.4526
47.1936
47.9239
48.7217
49.6771
50.8714
52.3471
54.1378
56.2208
58.549
61.0263
63.529
65.9223
68.0749
69.8532
71.1538
71.8983
72.0484
71.6102
70.6181
69.145
67.2699
65.074
62.6377
60.0606
57.4293
54.8328
52.3559
50.0554
47.9714
46.1335
44.5231
43.1049
41.8198
40.5997
39.3688
38.058
36.6119
34.9719
33.1222
31.0544
28.7766
26.3477
23.8566
21.3993
19.0928
17.0618
15.4241
14.2832
13.7183
13.7678
14.4267
15.6504
17.3598
19.4481
21.7888
24.251
26.707
29.0479
31.1921
33.0879
34.7138
36.0746
37.1946
38.1136
38.8797
39.5455
40.1676
40.8039
41.5149
42.3487
43.343
44.5228
45.8996
47.4571
49.1491
50.92
52.6869
54.3653
55.8661
57.1
58.0016
58.5198
58.6258
58.3179
57.6233
56.5917
55.2766
53.7457
52.0689
50.3186
48.5589
46.8444
45.2181
43.7128
42.3451
41.1119
40.0002
38.9756
37.9978
37.016
35.9731
34.8099
33.4776
31.9327
30.1492
28.1284
25.8892
23.4864
21.0025
0
0.87923
3.43726
7.48224
12.7184
18.783
25.3051
31.9421
38.4211
44.5167
50.1421
55.2607
59.8788
64.0944
67.9479
71.4771
74.7214
77.6621
80.3084
82.6986
84.8698
86.8901
88.7934
90.7053
92.6593
94.6836
96.7331
98.6979
100.475
101.895
102.801
103.035
102.534
101.226
99.1769
96.4904
93.2661
89.6668
85.8591
81.9878
78.1708
74.5118
71.0949
67.9659
65.1529
62.6555
60.4392
58.4522
56.617
54.8381
53.014
51.0429
48.8142
46.2316
43.2696
39.8967
36.1388
32.0793
27.7991
23.4409
19.1755
15.1881
11.6726
8.82121
6.80126
5.74274
5.71595
6.71887
8.67542
11.4358
14.8046
18.5606
22.4882
26.41
30.1764
33.7039
36.936
39.8983
42.574
44.9916
47.1929
49.2179
51.0439
52.6717
54.1187
55.415
56.5762
57.6491
58.6637
59.6878
60.7416
61.8212
62.8995
63.9242
64.827
65.5172
65.9141
65.9275
65.523
64.7064
63.499
61.9484
60.1135
58.0774
55.9515
53.8162
51.7303
49.7695
47.9713
46.3581
44.9421
43.7074
42.6255
41.6532
40.7389
39.8303
38.8778
37.8249
36.6098
35.1945
33.5639
31.6976
29.6169
27.3637
24.9842
22.5607
20.1962
18.0077
16.1125
14.6286
13.6451
13.2264
13.4062
14.1693
15.4572
17.1779
19.2187
21.4535
23.7705
26.0692
28.2676
30.3232
32.2034
33.9032
35.4383
36.8241
38.0855
39.2403
40.3086
41.3085
42.2614
43.1973
44.1434
45.1194
46.1499
47.2452
48.4053
49.6157
50.8332
52.012
53.0917
54.0001
54.6711
55.046
55.0816
54.7682
54.1209
53.1743
51.9722
50.5836
49.0852
47.5446
46.0213
44.5647
43.2058
41.9661
40.8505
39.8432
38.9239
38.0642
37.2244
36.3586
35.428
34.3883
33.1926
31.8069
30.2026
28.366
26.307
24.0591
21.6763
19.2398
0
0.804506
3.14594
6.85698
11.6827
17.3048
23.3785
29.5776
35.6191
41.2843
46.4351
50.9897
54.948
58.362
61.3306
63.961
66.3711
68.68
71.0234
73.5387
76.2924
79.3694
82.7832
86.5288
90.5255
94.6615
98.7462
102.571
105.879
108.456
110.109
110.79
110.483
109.265
107.271
104.64
101.565
98.1746
94.5988
90.961
87.384
83.9099
80.6171
77.5492
74.6768
71.9906
69.4624
67.0248
64.6019
62.1193
59.4427
56.5026
53.2138
49.544
45.4848
41.0543
36.3656
31.583
26.8454
22.2815
18.0157
14.1915
10.9539
8.40759
6.66227
5.79639
5.85212
6.82136
8.63532
11.1709
14.2642
17.7212
21.3459
24.962
28.4304
31.6382
34.5202
37.0524
39.247
41.1461
42.8093
44.2962
45.6888
47.0588
48.4818
50.0318
51.7372
53.6155
55.6891
57.9253
60.2534
62.5912
64.8276
66.8343
68.4959
69.7083
70.4103
70.5943
70.2772
69.4942
68.3326
66.8725
65.1839
63.3516
61.4372
59.5054
57.5967
55.7567
54.0222
52.4029
50.89
49.4744
48.133
46.838
45.5439
44.2079
42.7792
41.1983
39.4416
37.4728
35.2869
32.9153
30.3855
27.7646
25.1289
22.5653
20.1641
18.0225
16.2288
14.8622
13.9964
13.6778
13.916
14.6912
15.9481
17.6061
19.5686
21.7233
23.9551
26.1629
28.2678
30.208
31.9482
33.4806
34.8153
35.9833
37.0169
37.966
38.882
39.8089
40.8124
41.9206
43.1534
44.5316
46.0464
47.6758
49.3774
51.0945
52.76
54.2964
55.6254
56.68
57.4213
57.8098
57.843
57.5348
56.908
56.0074
54.8864
53.5951
52.1967
50.7445
49.2824
47.8603
46.5077
45.234
44.047
42.9412
41.8984
40.8916
39.8886
38.8475
37.723
36.4716
35.0512
33.423
31.5707
29.4931
27.2123
24.7782
22.2581
19.7351
0
0.922413
3.60051
7.82608
13.2986
19.6337
26.4094
33.2172
39.7344
45.693
50.9239
55.3815
59.1005
62.1843
64.7684
66.987
68.9783
70.8712
72.7747
74.7834
76.9776
79.4458
82.2673
85.4735
89.068
93.0379
97.2744
101.609
105.833
109.697
112.966
115.448
117.007
117.567
117.115
115.698
113.384
110.277
106.514
102.231
97.5645
92.674
87.6763
82.7112
77.9269
73.4258
69.3063
65.5782
62.2297
59.2453
56.521
53.9128
51.2999
48.5375
45.5112
42.1484
38.3953
34.2611
29.8359
25.2444
20.6634
16.3301
12.4879
9.36622
7.15809
5.99854
5.96049
7.03534
9.1362
12.1093
15.7454
19.7976
24.011
28.1455
32.017
35.4972
38.5131
41.0512
43.1477
44.8647
46.2866
47.5002
48.5774
49.5926
50.6105
51.6921
52.8959
54.266
55.8452
57.6733
59.7455
62.0258
64.4388
66.8834
69.228
71.3406
73.0828
74.3547
75.092
75.254
74.8454
73.9068
72.4872
70.6637
68.5238
66.1434
63.6192
61.0278
58.436
55.9077
53.5111
51.2845
49.2505
47.4175
45.7707
44.2802
42.8789
41.4996
40.0645
38.5086
36.7714
34.8115
32.6132
30.199
27.6186
24.9649
22.35
19.9153
17.8042
16.1448
15.0418
14.5677
14.7568
15.5908
17.0074
18.9082
21.1678
23.6467
26.2058
28.7208
31.0898
33.2416
35.1379
36.7699
38.1493
39.3082
40.2882
41.1395
41.9143
42.6621
43.4317
44.2724
45.2255
46.3283
47.6016
49.0509
50.6605
52.394
54.1911
55.9731
57.6489
59.1258
60.3158
61.1504
61.5854
61.5985
61.2001
60.4187
59.3061
57.9278
56.3556
54.6591
52.9055
51.1509
49.4442
47.8248
46.3136
44.9208
43.6449
42.4722
41.3728
40.3101
39.2324
38.08
36.794
35.3209
33.6186
31.6622
29.4538
27.0234
24.4398
21.7965
0
0.857664
3.35754
7.32783
12.5124
18.578
25.1681
31.9331
38.5737
44.8689
50.7035
56.0224
60.834
65.1715
69.094
72.6054
75.7499
78.6116
81.2281
83.6429
85.9169
88.1196
90.3619
92.6607
95.0289
97.4165
99.7934
102.094
104.174
105.876
107.024
107.477
107.135
105.918
103.813
100.904
97.3464
93.3416
89.0677
84.7084
80.4721
76.4743
72.7949
69.4763
66.5323
63.9516
61.6938
59.6825
57.8171
55.9854
54.0589
51.9393
49.5519
46.8473
43.7873
40.367
36.6032
32.5432
28.2823
23.9359
19.6554
15.6296
12.0646
9.15675
7.07941
5.95323
5.84932
6.77025
8.64753
11.3548
14.7141
18.5125
22.5266
26.5585
30.4423
34.0846
37.4407
40.4815
43.2274
45.7315
47.9851
50.0083
51.8584
53.5328
55.0564
56.462
57.783
59.0604
60.3247
61.5984
62.8634
64.126
65.3561
66.4991
67.5142
68.3028
68.7742
68.8845
68.5639
67.7671
66.5029
64.8165
62.8167
60.5998
58.2534
55.8866
53.6074
51.469
49.5233
47.7965
46.2864
44.9761
43.8379
42.8241
41.877
40.9382
39.9506
38.8518
37.6051
36.1875
34.5677
32.7361
30.6994
28.4816
26.1371
23.7341
21.3683
19.1538
17.2093
15.6506
14.5755
14.0542
14.1226
14.7724
15.9569
17.5931
19.5768
21.7925
24.1129
26.4336
28.6728
30.7795
32.7258
34.5027
36.1213
37.5982
38.9479
40.1932
41.3532
42.4414
43.4819
44.4931
45.501
46.5323
47.605
48.7269
49.901
51.1122
52.3359
53.5255
54.6281
55.5801
56.3172
56.7815
56.9255
56.7223
56.1681
55.2917
54.1362
52.7598
51.2307
49.6219
48.0072
46.4418
44.9646
43.6055
42.3757
41.2711
40.2759
39.3592
38.4836
37.6062
36.6808
35.6638
34.5088
33.1822
31.6515
29.8956
27.9175
25.7368
23.4029
20.9898
0
0.741725
2.88861
6.27371
10.6675
15.8014
21.3959
27.1531
32.8106
38.1592
43.0458
47.3985
51.1959
54.5031
57.4098
60.0455
62.5686
65.0891
67.7011
70.5024
73.4944
76.656
79.9566
83.3303
86.6749
89.8614
92.7922
95.3573
97.5191
99.2209
100.371
100.957
100.959
100.36
99.2099
97.5611
95.4484
92.9576
90.2137
87.2909
84.3032
81.3036
78.3374
75.4596
72.6657
69.9478
67.2478
64.5324
61.7462
58.8587
55.858
52.722
49.4634
46.0521
42.4612
38.6932
34.7324
30.6161
26.3894
22.1694
18.1151
14.3899
11.1519
8.55639
6.7307
5.74501
5.62808
6.35668
7.86338
10.0361
12.7322
15.798
19.0618
22.3554
25.5399
28.5065
31.1858
33.5464
35.5997
37.3896
38.9695
40.4295
41.8484
43.2934
44.8261
46.4739
48.2242
50.0799
52.0054
53.9382
55.8196
57.6023
59.2191
60.621
61.7781
62.6716
63.2771
63.5827
63.5627
63.2431
62.6371
61.7687
60.6611
59.354
57.9128
56.3766
54.7903
53.1859
51.5979
50.0421
48.523
47.0462
45.5913
44.1351
42.6694
41.1683
39.6261
38.031
36.3528
34.5844
32.7078
30.7185
28.6142
26.4094
24.1451
21.8779
19.6865
17.6526
15.8699
14.4262
13.395
12.8322
12.7688
13.2072
14.1148
15.4329
17.0791
18.9604
20.9736
23.0183
25.005
26.8666
28.5599
30.0672
31.3853
32.5408
33.5745
34.5253
35.4543
36.4089
37.4247
38.5224
39.7186
41.0067
42.3799
43.8148
45.2716
46.7149
48.1046
49.3987
50.5573
51.5463
52.3255
52.8678
53.1536
53.1703
52.9177
52.4093
51.6639
50.7114
49.5979
48.3693
47.0675
45.7337
44.4024
43.098
41.8366
40.625
39.4554
38.3145
37.1798
36.0316
34.8471
33.6002
32.2643
30.8096
29.2131
27.4643
25.5603
23.5132
21.3524
19.1329
0
0.82326
3.19481
6.90141
11.6738
17.2207
23.2446
29.4449
35.5848
41.4203
46.7884
51.5849
55.7586
59.3153
62.3123
64.857
67.0878
69.175
71.2667
73.4981
75.9697
78.7499
81.8606
85.2809
88.9543
92.7954
96.688
100.529
104.177
107.497
110.346
112.549
113.968
114.491
114.03
112.603
110.267
107.137
103.368
99.1645
94.7049
90.142
85.6197
81.2043
76.9455
72.8767
69.02
65.3906
61.9687
58.7536
55.7124
52.8027
49.9572
47.069
44.0271
40.7434
37.1483
33.2347
29.0544
24.722
20.3922
16.2684
12.5674
9.50918
7.2742
5.99797
5.7428
6.49638
8.17869
10.6545
13.7535
17.2922
21.0796
24.9415
28.7225
32.2892
35.5401
38.4163
40.892
42.9836
44.7323
46.2066
47.4841
48.6732
49.8668
51.1319
52.5317
54.1012
55.8503
57.7678
59.8186
61.9598
64.1347
66.2739
68.3085
70.1562
71.7331
72.95
73.7214
73.9952
73.7408
72.9732
71.7252
70.0589
68.0598
65.8269
63.4582
61.0172
58.5814
56.1989
53.9023
51.7129
49.6456
47.706
45.888
44.1895
42.5851
41.0368
39.5067
37.9298
36.2531
34.4288
32.4204
30.2271
27.8762
25.4287
22.9676
20.6126
18.4849
16.7066
15.3915
14.6196
14.4372
14.8498
15.8191
17.2737
19.12
21.2497
23.5497
25.9119
28.2396
30.4527
32.4926
34.3262
35.9405
37.3431
38.5607
39.6263
40.5863
41.4931
42.3951
43.338
44.3601
45.4872
46.7361
48.1078
49.5887
51.1523
52.7585
54.3544
55.8782
57.27
58.4614
59.3879
59.9986
60.2585
60.1506
59.6852
58.8878
57.7941
56.4655
54.9659
53.3571
51.6941
50.0269
48.3935
46.8245
45.3349
43.9317
42.6113
41.3613
40.164
38.9834
37.7856
36.5251
35.1526
33.6226
31.9009
29.9684
27.8288
25.5147
23.0852
0
0.887607
3.45077
7.50536
12.789
18.9936
25.7859
32.8342
39.8327
46.5113
52.6448
58.0796
62.7528
66.6697
69.9267
72.6516
75.0586
77.2904
79.4613
81.7087
84.0984
86.6963
89.4985
92.5216
95.6883
98.9703
102.26
105.45
108.366
110.839
112.707
113.834
114.05
113.287
111.518
108.731
105.056
100.637
95.7244
90.532
85.3218
80.3444
75.7873
71.7336
68.2149
65.2167
62.6701
60.473
58.5134
56.6816
54.8701
52.9584
50.8443
48.4331
45.6431
42.4257
38.7669
34.7078
30.3321
25.786
21.2587
16.9523
13.1044
9.92595
7.60269
6.27304
6.00493
6.79816
8.58897
11.2487
14.6148
18.4898
22.6694
26.9536
31.1498
35.109
38.7053
41.8791
44.5997
46.8842
48.7862
50.4164
51.8617
53.2022
54.5117
55.8484
57.243
58.7196
60.2843
61.9378
63.6614
65.4206
67.1759
68.8543
70.3934
71.6847
72.6487
73.1923
73.2568
72.7825
71.7662
70.2162
68.1823
65.7574
63.0545
60.2164
57.381
54.6897
52.2304
50.0669
48.2165
46.6771
45.3997
44.3325
43.4066
42.5491
41.6911
40.7653
39.7054
38.4546
36.9665
35.216
33.1991
30.9384
28.4876
25.9256
23.3572
20.909
18.709
16.8811
15.5454
14.7805
14.6355
15.1184
16.1933
17.7866
19.7981
22.1129
24.6033
27.149
29.6407
31.9927
34.1381
36.0475
37.7096
39.1428
40.3821
41.4719
42.4722
43.4226
44.3649
45.329
46.3505
47.4394
48.6139
49.8673
51.1973
52.5855
54.0013
55.3925
56.6979
57.8535
58.797
59.4614
59.7917
59.7533
59.3237
58.5142
57.3604
55.9102
54.2476
52.4495
50.6079
48.8049
47.1089
45.5601
44.188
42.9953
41.9638
41.0596
40.2423
39.4575
38.6497
37.7624
36.7374
35.5233
34.0833
32.3911
30.4404
28.2531
25.8676
23.3589
0
0.894926
3.44766
7.40956
12.4609
18.2215
24.2997
30.3667
36.1437
41.4103
46.078
50.1323
53.6042
56.5514
59.0888
61.3196
63.3484
65.3105
67.3146
69.4028
71.6292
74.0197
76.5805
79.3188
82.2087
85.1919
88.1879
91.0905
93.7648
96.0386
97.7999
98.9896
99.4981
99.3299
98.5286
97.0929
95.0819
92.5577
89.6452
86.4353
83.0447
79.5681
76.0658
72.6239
69.3075
66.1934
63.3257
60.7496
58.4154
56.2846
54.2792
52.289
50.1695
47.7902
45.0515
41.8888
38.284
34.2715
29.9391
25.4262
20.9144
16.6169
12.7594
9.56331
7.21966
5.86825
5.57678
6.33281
8.0472
10.5474
13.6282
17.053
20.6082
24.0911
27.362
30.2943
32.87
35.085
36.9445
38.5294
39.8875
41.0805
42.1576
43.2225
44.303
45.4475
46.673
47.998
49.4332
50.9971
52.66
54.3721
56.0926
57.7575
59.2925
60.5981
61.6203
62.3038
62.6113
62.5449
62.1174
61.3415
60.258
58.8999
57.3325
55.61
53.8079
51.9697
50.1301
48.336
46.6092
45.0111
43.5222
42.1727
40.9397
39.8076
38.7216
37.6283
36.4649
35.167
33.6842
31.9759
30.0368
27.877
25.5458
23.108
20.669
18.3439
16.2595
14.5372
13.2801
12.5693
12.4435
12.898
13.8862
15.325
17.1083
19.1188
21.2275
23.3285
25.3285
27.1662
28.8069
30.2402
31.4789
32.5374
33.452
34.2648
35.016
35.7511
36.5138
37.3394
38.2451
39.2598
40.394
41.658
43.0324
44.4921
45.9956
47.4896
48.9047
50.1773
51.2427
52.0497
52.5485
52.7204
52.5643
52.0848
51.3217
50.3027
49.0873
47.7262
46.2869
44.8102
43.3436
41.9222
40.5755
39.3266
38.1833
37.145
36.186
35.2851
34.3953
33.4671
32.4489
31.286
29.9215
28.328
26.4935
24.4227
22.1501
19.747
